carrier,topology_family,seed,boundary_count,interior_node_count,raw_edge_count,raw_exact_rank,raw_deficiency,minimum_unique_cut_margin,closure_move_count,closure_moves,reduced_edge_count,reduced_exact_rank,residual_deficiency,all_region_values_preserved
cycle_chord_m3__b6__leaf_offset0,cycle_chord_m3,17,6,3,9,8,1,0.05999998183920979,0,,9,8,1,True
cycle_chord_m3__b6__leaf_offset0,cycle_chord_m3,31,6,3,9,9,0,0.010000006635673344,0,,9,9,0,True
cycle_chord_m3__b6__leaf_offset0,cycle_chord_m3,47,6,3,9,6,3,2.9103830456733704e-09,2,inseparable_vertex_contraction_parallel_sum|inseparable_vertex_contraction_parallel_sum,6,6,0,True
cycle_chord_m3__b6__leaf_offset1,cycle_chord_m3,17,6,3,9,8,1,0.05999995739199221,0,,9,8,1,True
cycle_chord_m3__b6__leaf_offset1,cycle_chord_m3,31,6,3,9,9,0,0.030000023166649042,0,,9,9,0,True
cycle_chord_m3__b6__leaf_offset1,cycle_chord_m3,47,6,3,9,8,1,0.04000003620516509,0,,9,8,1,True
cycle_chord_m3__b6__dual_gateway,cycle_chord_m3,17,6,3,9,6,3,0.02000000570435077,2,inseparable_vertex_contraction_parallel_sum|inseparable_vertex_contraction_parallel_sum,6,6,0,True
cycle_chord_m3__b6__dual_gateway,cycle_chord_m3,31,6,3,9,8,1,0.020000038417056203,0,,9,8,1,True
cycle_chord_m3__b6__dual_gateway,cycle_chord_m3,47,6,3,9,8,1,0.049999957391992214,0,,9,8,1,True
cycle_chord_m3__b7__leaf_offset0,cycle_chord_m3,17,7,3,10,10,0,0.019999963794834912,0,,10,10,0,True
cycle_chord_m3__b7__leaf_offset0,cycle_chord_m3,31,7,3,10,9,1,0.060000036205165086,0,,10,9,1,True
cycle_chord_m3__b7__leaf_offset0,cycle_chord_m3,47,7,3,10,10,0,0.019999978463165462,0,,10,10,0,True
cycle_chord_m3__b7__leaf_offset1,cycle_chord_m3,17,7,3,10,8,2,0.08000003597233445,1,inseparable_vertex_contraction_parallel_sum,8,8,0,True
cycle_chord_m3__b7__leaf_offset1,cycle_chord_m3,31,7,3,10,10,0,0.08999998591374606,0,,10,10,0,True
cycle_chord_m3__b7__leaf_offset1,cycle_chord_m3,47,7,3,10,9,1,0.030000015716068446,0,,10,9,1,True
cycle_chord_m3__b7__dual_gateway,cycle_chord_m3,17,7,3,10,9,1,0.17000001571606846,0,,10,9,1,True
cycle_chord_m3__b7__dual_gateway,cycle_chord_m3,31,7,3,10,9,1,0.03000000582076609,0,,10,9,1,True
cycle_chord_m3__b7__dual_gateway,cycle_chord_m3,47,7,3,10,10,0,0.03999998591374606,0,,10,10,0,True
cycle_chord_m3__b8__leaf_offset0,cycle_chord_m3,17,8,3,11,11,0,0.019999984283931554,0,,11,11,0,True
cycle_chord_m3__b8__leaf_offset0,cycle_chord_m3,31,8,3,11,11,0,1.57160684466362e-08,0,,11,11,0,True
cycle_chord_m3__b8__leaf_offset0,cycle_chord_m3,47,8,3,11,11,0,0.009999960680725053,0,,11,11,0,True
cycle_chord_m3__b8__leaf_offset1,cycle_chord_m3,17,8,3,11,11,0,0.009999997526174411,0,,11,11,0,True
cycle_chord_m3__b8__leaf_offset1,cycle_chord_m3,31,8,3,11,11,0,0.00999998018029146,0,,11,11,0,True
cycle_chord_m3__b8__leaf_offset1,cycle_chord_m3,47,8,3,11,11,0,0.00999999173451215,0,,11,11,0,True
cycle_chord_m3__b8__dual_gateway,cycle_chord_m3,17,8,3,11,10,1,0.009999994150130078,0,,11,10,1,True
cycle_chord_m3__b8__dual_gateway,cycle_chord_m3,31,8,3,11,10,1,7.8580342233181e-10,0,,11,10,1,True
cycle_chord_m3__b8__dual_gateway,cycle_chord_m3,47,8,3,11,10,1,6.693881005048752e-10,0,,11,10,1,True
wheel_W4__b6__leaf_offset0,wheel_W4,17,6,4,12,6,6,0.10000000050931704,3,inseparable_vertex_contraction_parallel_sum|inseparable_vertex_contraction_parallel_sum|series_bivalent,6,6,0,True
wheel_W4__b6__leaf_offset0,wheel_W4,31,6,4,12,6,6,0.020000000101863407,3,inseparable_vertex_contraction_parallel_sum|inseparable_vertex_contraction_parallel_sum|series_bivalent,6,6,0,True
wheel_W4__b6__leaf_offset0,wheel_W4,47,6,4,12,6,6,0.019999999403371476,3,inseparable_vertex_contraction_parallel_sum|inseparable_vertex_contraction_parallel_sum|series_bivalent,6,6,0,True
wheel_W4__b6__leaf_offset1,wheel_W4,17,6,4,12,6,6,0.2100000001891749,3,inseparable_vertex_contraction_parallel_sum|inseparable_vertex_contraction_parallel_sum|series_bivalent,6,6,0,True
wheel_W4__b6__leaf_offset1,wheel_W4,31,6,4,12,6,6,0.06999999940337148,3,inseparable_vertex_contraction_parallel_sum|inseparable_vertex_contraction_parallel_sum|series_bivalent,6,6,0,True
wheel_W4__b6__leaf_offset1,wheel_W4,47,6,4,12,6,6,0.04000000030559022,3,inseparable_vertex_contraction_parallel_sum|inseparable_vertex_contraction_parallel_sum|series_bivalent,6,6,0,True
wheel_W4__b6__dual_gateway,wheel_W4,17,6,4,12,6,6,0.01999999963620212,3,inseparable_vertex_contraction_parallel_sum|inseparable_vertex_contraction_parallel_sum|series_bivalent,6,6,0,True
wheel_W4__b6__dual_gateway,wheel_W4,31,6,4,12,6,6,0.019999999810825102,3,inseparable_vertex_contraction_parallel_sum|inseparable_vertex_contraction_parallel_sum|series_bivalent,6,6,0,True
wheel_W4__b6__dual_gateway,wheel_W4,47,6,4,12,6,6,0.019999999403371476,3,inseparable_vertex_contraction_parallel_sum|inseparable_vertex_contraction_parallel_sum|series_bivalent,6,6,0,True
wheel_W4__b7__leaf_offset0,wheel_W4,17,7,4,13,7,6,0.6200000007639755,3,inseparable_vertex_contraction_parallel_sum|inseparable_vertex_contraction_parallel_sum|series_bivalent,7,7,0,True
wheel_W4__b7__leaf_offset0,wheel_W4,31,7,4,13,7,6,0.4299999999490683,3,inseparable_vertex_contraction_parallel_sum|inseparable_vertex_contraction_parallel_sum|series_bivalent,7,7,0,True
wheel_W4__b7__leaf_offset0,wheel_W4,47,7,4,13,7,6,0.44999999951251085,3,inseparable_vertex_contraction_parallel_sum|inseparable_vertex_contraction_parallel_sum|series_bivalent,7,7,0,True
wheel_W4__b7__leaf_offset1,wheel_W4,17,7,4,13,7,6,0.2899999999490683,3,inseparable_vertex_contraction_parallel_sum|inseparable_vertex_contraction_parallel_sum|inseparable_vertex_contraction_parallel_sum,7,7,0,True
wheel_W4__b7__leaf_offset1,wheel_W4,31,7,4,13,7,6,0.2799999997307896,3,inseparable_vertex_contraction_parallel_sum|inseparable_vertex_contraction_parallel_sum|inseparable_vertex_contraction_parallel_sum,7,7,0,True
wheel_W4__b7__leaf_offset1,wheel_W4,47,7,4,13,7,6,0.5400000008221832,3,inseparable_vertex_contraction_parallel_sum|inseparable_vertex_contraction_parallel_sum|inseparable_vertex_contraction_parallel_sum,7,7,0,True
wheel_W4__b7__dual_gateway,wheel_W4,17,7,4,13,7,6,0.6800000005456969,3,inseparable_vertex_contraction_parallel_sum|inseparable_vertex_contraction_parallel_sum|inseparable_vertex_contraction_parallel_sum,7,7,0,True
wheel_W4__b7__dual_gateway,wheel_W4,31,7,4,13,7,6,0.3500000005602487,3,inseparable_vertex_contraction_parallel_sum|inseparable_vertex_contraction_parallel_sum|inseparable_vertex_contraction_parallel_sum,7,7,0,True
wheel_W4__b7__dual_gateway,wheel_W4,47,7,4,13,7,6,0.5600000002837624,3,inseparable_vertex_contraction_parallel_sum|inseparable_vertex_contraction_parallel_sum|inseparable_vertex_contraction_parallel_sum,7,7,0,True
wheel_W4__b8__leaf_offset0,wheel_W4,17,8,4,14,9,5,0.00999999969804776,2,inseparable_vertex_contraction_parallel_sum|inseparable_vertex_contraction_parallel_sum,9,9,0,True
wheel_W4__b8__leaf_offset0,wheel_W4,31,8,4,14,9,5,9.822542779147625e-11,2,inseparable_vertex_contraction_parallel_sum|inseparable_vertex_contraction_parallel_sum,9,9,0,True
wheel_W4__b8__leaf_offset0,wheel_W4,47,8,4,14,11,3,4.911271389573812e-10,0,,14,11,3,True
wheel_W4__b8__leaf_offset1,wheel_W4,17,8,4,14,10,4,4.1109160520136356e-10,0,,14,10,4,True
wheel_W4__b8__leaf_offset1,wheel_W4,31,8,4,14,10,4,0.010000000163709047,0,,14,10,4,True
wheel_W4__b8__leaf_offset1,wheel_W4,47,8,4,14,8,6,0.029999999465217114,3,inseparable_vertex_contraction_parallel_sum|inseparable_vertex_contraction_parallel_sum|inseparable_vertex_contraction_parallel_sum,8,8,0,True
wheel_W4__b8__dual_gateway,wheel_W4,17,8,4,14,9,5,0.010000027383066481,2,inseparable_vertex_contraction_parallel_sum|inseparable_vertex_contraction_parallel_sum,9,9,0,True
wheel_W4__b8__dual_gateway,wheel_W4,31,8,4,14,9,5,7.166818249970675e-10,2,inseparable_vertex_contraction_parallel_sum|inseparable_vertex_contraction_parallel_sum,9,9,0,True
wheel_W4__b8__dual_gateway,wheel_W4,47,8,4,14,9,5,6.439222488552332e-10,2,inseparable_vertex_contraction_parallel_sum|inseparable_vertex_contraction_parallel_sum,9,9,0,True
cycle_chord_m5__b6__leaf_offset0,cycle_chord_m5,17,6,5,16,6,10,0.010000000031832315,4,inseparable_vertex_contraction_parallel_sum|inseparable_vertex_contraction_parallel_sum|inseparable_vertex_contraction_parallel_sum|series_bivalent,6,6,0,True
cycle_chord_m5__b6__leaf_offset0,cycle_chord_m5,31,6,5,16,6,10,0.009999999968167686,4,inseparable_vertex_contraction_parallel_sum|inseparable_vertex_contraction_parallel_sum|inseparable_vertex_contraction_parallel_sum|series_bivalent,6,6,0,True
cycle_chord_m5__b6__leaf_offset0,cycle_chord_m5,47,6,5,16,6,10,0.029999999968167684,4,inseparable_vertex_contraction_parallel_sum|inseparable_vertex_contraction_parallel_sum|inseparable_vertex_contraction_parallel_sum|series_bivalent,6,6,0,True
cycle_chord_m5__b6__leaf_offset1,cycle_chord_m5,17,6,5,16,6,10,0.010000000031832315,4,inseparable_vertex_contraction_parallel_sum|inseparable_vertex_contraction_parallel_sum|inseparable_vertex_contraction_parallel_sum|series_bivalent,6,6,0,True
cycle_chord_m5__b6__leaf_offset1,cycle_chord_m5,31,6,5,16,6,10,0.009999999977262633,4,inseparable_vertex_contraction_parallel_sum|inseparable_vertex_contraction_parallel_sum|inseparable_vertex_contraction_parallel_sum|series_bivalent,6,6,0,True
cycle_chord_m5__b6__leaf_offset1,cycle_chord_m5,47,6,5,16,6,10,0.0699999999663487,4,inseparable_vertex_contraction_parallel_sum|inseparable_vertex_contraction_parallel_sum|inseparable_vertex_contraction_parallel_sum|series_bivalent,6,6,0,True
cycle_chord_m5__b6__dual_gateway,cycle_chord_m5,17,6,5,16,6,10,0.11999999997726263,4,inseparable_vertex_contraction_parallel_sum|inseparable_vertex_contraction_parallel_sum|inseparable_vertex_contraction_parallel_sum|series_bivalent,6,6,0,True
cycle_chord_m5__b6__dual_gateway,cycle_chord_m5,31,6,5,16,6,10,0.040000000006366464,4,inseparable_vertex_contraction_parallel_sum|inseparable_vertex_contraction_parallel_sum|inseparable_vertex_contraction_parallel_sum|series_bivalent,6,6,0,True
cycle_chord_m5__b6__dual_gateway,cycle_chord_m5,47,6,5,16,6,10,0.03999999998999556,4,inseparable_vertex_contraction_parallel_sum|inseparable_vertex_contraction_parallel_sum|inseparable_vertex_contraction_parallel_sum|series_bivalent,6,6,0,True
cycle_chord_m5__b7__leaf_offset0,cycle_chord_m5,17,7,5,17,7,10,0.43999999996953193,4,inseparable_vertex_contraction_parallel_sum|inseparable_vertex_contraction_parallel_sum|inseparable_vertex_contraction_parallel_sum|series_bivalent,7,7,0,True
cycle_chord_m5__b7__leaf_offset0,cycle_chord_m5,31,7,5,17,7,10,0.6599999999813554,4,inseparable_vertex_contraction_parallel_sum|inseparable_vertex_contraction_parallel_sum|inseparable_vertex_contraction_parallel_sum|series_bivalent,7,7,0,True
cycle_chord_m5__b7__leaf_offset0,cycle_chord_m5,47,7,5,17,7,10,0.6899999999777173,4,inseparable_vertex_contraction_parallel_sum|inseparable_vertex_contraction_parallel_sum|inseparable_vertex_contraction_parallel_sum|series_bivalent,7,7,0,True
cycle_chord_m5__b7__leaf_offset1,cycle_chord_m5,17,7,5,17,7,10,0.37999999996316547,4,inseparable_vertex_contraction_parallel_sum|inseparable_vertex_contraction_parallel_sum|inseparable_vertex_contraction_parallel_sum|series_bivalent,7,7,0,True
cycle_chord_m5__b7__leaf_offset1,cycle_chord_m5,31,7,5,17,7,10,0.6600000000177352,4,inseparable_vertex_contraction_parallel_sum|inseparable_vertex_contraction_parallel_sum|inseparable_vertex_contraction_parallel_sum|series_bivalent,7,7,0,True
cycle_chord_m5__b7__leaf_offset1,cycle_chord_m5,47,7,5,17,7,10,0.4900000000386535,4,inseparable_vertex_contraction_parallel_sum|inseparable_vertex_contraction_parallel_sum|inseparable_vertex_contraction_parallel_sum|series_bivalent,7,7,0,True
cycle_chord_m5__b7__dual_gateway,cycle_chord_m5,17,7,5,17,7,10,0.30999999999681677,4,inseparable_vertex_contraction_parallel_sum|inseparable_vertex_contraction_parallel_sum|inseparable_vertex_contraction_parallel_sum|series_bivalent,7,7,0,True
cycle_chord_m5__b7__dual_gateway,cycle_chord_m5,31,7,5,17,7,10,0.5400000000477485,4,inseparable_vertex_contraction_parallel_sum|inseparable_vertex_contraction_parallel_sum|inseparable_vertex_contraction_parallel_sum|series_bivalent,7,7,0,True
cycle_chord_m5__b7__dual_gateway,cycle_chord_m5,47,7,5,17,7,10,0.31000000004502,4,inseparable_vertex_contraction_parallel_sum|inseparable_vertex_contraction_parallel_sum|inseparable_vertex_contraction_parallel_sum|series_bivalent,7,7,0,True
cycle_chord_m5__b8__leaf_offset0,cycle_chord_m5,17,8,5,18,8,10,3.842615114990622e-11,4,inseparable_vertex_contraction_parallel_sum|inseparable_vertex_contraction_parallel_sum|inseparable_vertex_contraction_parallel_sum|series_bivalent,8,8,0,True
cycle_chord_m5__b8__leaf_offset0,cycle_chord_m5,31,8,5,18,8,10,9.777068044058979e-12,4,inseparable_vertex_contraction_parallel_sum|inseparable_vertex_contraction_parallel_sum|inseparable_vertex_contraction_parallel_sum|series_bivalent,8,8,0,True
cycle_chord_m5__b8__leaf_offset0,cycle_chord_m5,47,8,5,18,8,10,1.2960299500264227e-11,4,inseparable_vertex_contraction_parallel_sum|inseparable_vertex_contraction_parallel_sum|inseparable_vertex_contraction_parallel_sum|series_bivalent,8,8,0,True
cycle_chord_m5__b8__leaf_offset1,cycle_chord_m5,17,8,5,18,8,10,4.4792614062316716e-11,4,inseparable_vertex_contraction_parallel_sum|inseparable_vertex_contraction_parallel_sum|inseparable_vertex_contraction_parallel_sum|series_bivalent,8,8,0,True
cycle_chord_m5__b8__leaf_offset1,cycle_chord_m5,31,8,5,18,8,10,0.009999999955662133,4,inseparable_vertex_contraction_parallel_sum|inseparable_vertex_contraction_parallel_sum|inseparable_vertex_contraction_parallel_sum|series_bivalent,8,8,0,True
cycle_chord_m5__b8__leaf_offset1,cycle_chord_m5,47,8,5,18,8,10,0.009999999977035259,4,inseparable_vertex_contraction_parallel_sum|inseparable_vertex_contraction_parallel_sum|inseparable_vertex_contraction_parallel_sum|series_bivalent,8,8,0,True
cycle_chord_m5__b8__dual_gateway,cycle_chord_m5,17,8,5,18,8,10,0.00999999995975486,4,inseparable_vertex_contraction_parallel_sum|inseparable_vertex_contraction_parallel_sum|inseparable_vertex_contraction_parallel_sum|series_bivalent,8,8,0,True
cycle_chord_m5__b8__dual_gateway,cycle_chord_m5,31,8,5,18,8,10,0.019999999965211828,4,inseparable_vertex_contraction_parallel_sum|inseparable_vertex_contraction_parallel_sum|inseparable_vertex_contraction_parallel_sum|series_bivalent,8,8,0,True
cycle_chord_m5__b8__dual_gateway,cycle_chord_m5,47,8,5,18,8,10,0.009999999962483344,4,inseparable_vertex_contraction_parallel_sum|inseparable_vertex_contraction_parallel_sum|inseparable_vertex_contraction_parallel_sum|series_bivalent,8,8,0,True
K5_minus_v2__b6__leaf_offset0,K5_minus_v2,17,6,5,15,6,9,0.020000000023646863,4,inseparable_vertex_contraction_parallel_sum|inseparable_vertex_contraction_parallel_sum|inseparable_vertex_contraction_parallel_sum|series_bivalent,6,6,0,True
K5_minus_v2__b6__leaf_offset0,K5_minus_v2,31,6,5,15,6,9,0.02000000008913048,4,inseparable_vertex_contraction_parallel_sum|inseparable_vertex_contraction_parallel_sum|inseparable_vertex_contraction_parallel_sum|series_bivalent,6,6,0,True
K5_minus_v2__b6__leaf_offset0,K5_minus_v2,47,6,5,15,6,9,0.009999999961801223,4,inseparable_vertex_contraction_parallel_sum|inseparable_vertex_contraction_parallel_sum|inseparable_vertex_contraction_parallel_sum|series_bivalent,6,6,0,True
K5_minus_v2__b6__leaf_offset1,K5_minus_v2,17,6,5,15,6,9,0.02999999993633537,4,inseparable_vertex_contraction_parallel_sum|inseparable_vertex_contraction_parallel_sum|inseparable_vertex_contraction_parallel_sum|series_bivalent,6,6,0,True
K5_minus_v2__b6__leaf_offset1,K5_minus_v2,31,6,5,15,6,9,0.02000000006366463,4,inseparable_vertex_contraction_parallel_sum|inseparable_vertex_contraction_parallel_sum|inseparable_vertex_contraction_parallel_sum|series_bivalent,6,6,0,True
K5_minus_v2__b6__leaf_offset1,K5_minus_v2,47,6,5,15,6,9,0.0400000000345608,4,inseparable_vertex_contraction_parallel_sum|inseparable_vertex_contraction_parallel_sum|inseparable_vertex_contraction_parallel_sum|series_bivalent,6,6,0,True
K5_minus_v2__b6__dual_gateway,K5_minus_v2,17,6,5,15,6,9,0.020000000023646863,4,inseparable_vertex_contraction_parallel_sum|inseparable_vertex_contraction_parallel_sum|inseparable_vertex_contraction_parallel_sum|series_bivalent,6,6,0,True
K5_minus_v2__b6__dual_gateway,K5_minus_v2,31,6,5,15,6,9,0.039999999925421435,4,inseparable_vertex_contraction_parallel_sum|inseparable_vertex_contraction_parallel_sum|inseparable_vertex_contraction_parallel_sum|series_bivalent,6,6,0,True
K5_minus_v2__b6__dual_gateway,K5_minus_v2,47,6,5,15,6,9,0.010000000089130481,4,inseparable_vertex_contraction_parallel_sum|inseparable_vertex_contraction_parallel_sum|inseparable_vertex_contraction_parallel_sum|series_bivalent,6,6,0,True
K5_minus_v2__b7__leaf_offset0,K5_minus_v2,17,7,5,16,7,9,0.5300000000700311,4,inseparable_vertex_contraction_parallel_sum|inseparable_vertex_contraction_parallel_sum|inseparable_vertex_contraction_parallel_sum|series_bivalent,7,7,0,True
K5_minus_v2__b7__leaf_offset0,K5_minus_v2,31,7,5,16,7,9,0.49000000007548805,4,inseparable_vertex_contraction_parallel_sum|inseparable_vertex_contraction_parallel_sum|inseparable_vertex_contraction_parallel_sum|series_bivalent,7,7,0,True
K5_minus_v2__b7__leaf_offset0,K5_minus_v2,47,7,5,16,7,9,0.6600000000482033,4,inseparable_vertex_contraction_parallel_sum|inseparable_vertex_contraction_parallel_sum|inseparable_vertex_contraction_parallel_sum|series_bivalent,7,7,0,True
K5_minus_v2__b7__leaf_offset1,K5_minus_v2,17,7,5,16,7,9,0.7700000056743375,4,inseparable_vertex_contraction_parallel_sum|inseparable_vertex_contraction_parallel_sum|inseparable_vertex_contraction_parallel_sum|series_bivalent,7,7,0,True
K5_minus_v2__b7__leaf_offset1,K5_minus_v2,31,7,5,16,7,9,0.519999999911779,4,inseparable_vertex_contraction_parallel_sum|inseparable_vertex_contraction_parallel_sum|inseparable_vertex_contraction_parallel_sum|series_bivalent,7,7,0,True
K5_minus_v2__b7__leaf_offset1,K5_minus_v2,47,7,5,16,7,9,0.5699999999627107,4,inseparable_vertex_contraction_parallel_sum|inseparable_vertex_contraction_parallel_sum|inseparable_vertex_contraction_parallel_sum|series_bivalent,7,7,0,True
K5_minus_v2__b7__dual_gateway,K5_minus_v2,17,7,5,16,7,9,0.3100000000354703,4,inseparable_vertex_contraction_parallel_sum|inseparable_vertex_contraction_parallel_sum|inseparable_vertex_contraction_parallel_sum|series_bivalent,7,7,0,True
K5_minus_v2__b7__dual_gateway,K5_minus_v2,31,7,5,16,7,9,0.6600000000245564,4,inseparable_vertex_contraction_parallel_sum|inseparable_vertex_contraction_parallel_sum|inseparable_vertex_contraction_parallel_sum|series_bivalent,7,7,0,True
K5_minus_v2__b7__dual_gateway,K5_minus_v2,47,7,5,16,7,9,0.5699999999681676,4,inseparable_vertex_contraction_parallel_sum|inseparable_vertex_contraction_parallel_sum|inseparable_vertex_contraction_parallel_sum|series_bivalent,7,7,0,True
K5_minus_v2__b8__leaf_offset0,K5_minus_v2,17,8,5,17,8,9,7.412381819449365e-11,4,inseparable_vertex_contraction_parallel_sum|inseparable_vertex_contraction_parallel_sum|inseparable_vertex_contraction_parallel_sum|series_bivalent,8,8,0,True
K5_minus_v2__b8__leaf_offset0,K5_minus_v2,31,8,5,17,8,9,9.140421752817929e-11,4,inseparable_vertex_contraction_parallel_sum|inseparable_vertex_contraction_parallel_sum|inseparable_vertex_contraction_parallel_sum|series_bivalent,8,8,0,True
K5_minus_v2__b8__leaf_offset0,K5_minus_v2,47,8,5,17,8,9,0.00999999996225597,4,inseparable_vertex_contraction_parallel_sum|inseparable_vertex_contraction_parallel_sum|inseparable_vertex_contraction_parallel_sum|series_bivalent,8,8,0,True
K5_minus_v2__b8__leaf_offset1,K5_minus_v2,17,8,5,17,8,9,1.318767317570746e-11,4,inseparable_vertex_contraction_parallel_sum|inseparable_vertex_contraction_parallel_sum|inseparable_vertex_contraction_parallel_sum|series_bivalent,8,8,0,True
K5_minus_v2__b8__leaf_offset1,K5_minus_v2,31,8,5,17,8,9,2.319211489520967e-11,4,inseparable_vertex_contraction_parallel_sum|inseparable_vertex_contraction_parallel_sum|inseparable_vertex_contraction_parallel_sum|series_bivalent,8,8,0,True
K5_minus_v2__b8__leaf_offset1,K5_minus_v2,47,8,5,17,8,9,0.00999999996225597,4,inseparable_vertex_contraction_parallel_sum|inseparable_vertex_contraction_parallel_sum|inseparable_vertex_contraction_parallel_sum|series_bivalent,8,8,0,True
K5_minus_v2__b8__dual_gateway,K5_minus_v2,17,8,5,17,8,9,3.228706191293895e-11,4,inseparable_vertex_contraction_parallel_sum|inseparable_vertex_contraction_parallel_sum|inseparable_vertex_contraction_parallel_sum|series_bivalent,8,8,0,True
K5_minus_v2__b8__dual_gateway,K5_minus_v2,31,8,5,17,8,9,0.019999999932242645,4,inseparable_vertex_contraction_parallel_sum|inseparable_vertex_contraction_parallel_sum|inseparable_vertex_contraction_parallel_sum|series_bivalent,8,8,0,True
K5_minus_v2__b8__dual_gateway,K5_minus_v2,47,8,5,17,8,9,0.029999999954070516,4,inseparable_vertex_contraction_parallel_sum|inseparable_vertex_contraction_parallel_sum|inseparable_vertex_contraction_parallel_sum|series_bivalent,8,8,0,True
wheel_W5__b6__leaf_offset0,wheel_W5,17,6,5,14,6,8,0.010000000025465852,4,inseparable_vertex_contraction_parallel_sum|inseparable_vertex_contraction_parallel_sum|inseparable_vertex_contraction_parallel_sum|series_bivalent,6,6,0,True
wheel_W5__b6__leaf_offset0,wheel_W5,31,6,5,14,6,8,0.09999999986539479,4,inseparable_vertex_contraction_parallel_sum|inseparable_vertex_contraction_parallel_sum|inseparable_vertex_contraction_parallel_sum|series_bivalent,6,6,0,True
wheel_W5__b6__leaf_offset0,wheel_W5,47,6,5,14,6,8,0.0299999999308784,4,inseparable_vertex_contraction_parallel_sum|inseparable_vertex_contraction_parallel_sum|inseparable_vertex_contraction_parallel_sum|series_bivalent,6,6,0,True
wheel_W5__b6__leaf_offset1,wheel_W5,17,6,5,14,6,8,0.009999999959982233,4,inseparable_vertex_contraction_parallel_sum|inseparable_vertex_contraction_parallel_sum|inseparable_vertex_contraction_parallel_sum|series_bivalent,6,6,0,True
wheel_W5__b6__leaf_offset1,wheel_W5,31,6,5,14,6,8,0.010000000040017767,4,inseparable_vertex_contraction_parallel_sum|inseparable_vertex_contraction_parallel_sum|inseparable_vertex_contraction_parallel_sum|series_bivalent,6,6,0,True
wheel_W5__b6__leaf_offset1,wheel_W5,47,6,5,14,6,8,0.019999999930878403,4,inseparable_vertex_contraction_parallel_sum|inseparable_vertex_contraction_parallel_sum|inseparable_vertex_contraction_parallel_sum|series_bivalent,6,6,0,True
wheel_W5__b6__dual_gateway,wheel_W5,17,6,5,14,6,8,0.039999999923602446,4,inseparable_vertex_contraction_parallel_sum|inseparable_vertex_contraction_parallel_sum|inseparable_vertex_contraction_parallel_sum|series_bivalent,6,6,0,True
wheel_W5__b6__dual_gateway,wheel_W5,31,6,5,14,6,8,0.010000000025465852,4,inseparable_vertex_contraction_parallel_sum|inseparable_vertex_contraction_parallel_sum|inseparable_vertex_contraction_parallel_sum|series_bivalent,6,6,0,True
wheel_W5__b6__dual_gateway,wheel_W5,47,6,5,14,6,8,0.019999999872670742,4,inseparable_vertex_contraction_parallel_sum|inseparable_vertex_contraction_parallel_sum|inseparable_vertex_contraction_parallel_sum|series_bivalent,6,6,0,True
wheel_W5__b7__leaf_offset0,wheel_W5,17,7,5,15,7,8,0.609999999823558,4,inseparable_vertex_contraction_parallel_sum|inseparable_vertex_contraction_parallel_sum|inseparable_vertex_contraction_parallel_sum|series_bivalent,7,7,0,True
wheel_W5__b7__leaf_offset0,wheel_W5,31,7,5,15,7,8,0.47999999998726706,4,inseparable_vertex_contraction_parallel_sum|inseparable_vertex_contraction_parallel_sum|inseparable_vertex_contraction_parallel_sum|series_bivalent,7,7,0,True
wheel_W5__b7__leaf_offset0,wheel_W5,47,7,5,15,7,8,0.6400000001546141,4,inseparable_vertex_contraction_parallel_sum|inseparable_vertex_contraction_parallel_sum|inseparable_vertex_contraction_parallel_sum|series_bivalent,7,7,0,True
wheel_W5__b7__leaf_offset1,wheel_W5,17,7,5,15,7,8,0.510000022999302,4,inseparable_vertex_contraction_parallel_sum|inseparable_vertex_contraction_parallel_sum|inseparable_vertex_contraction_parallel_sum|series_bivalent,7,7,0,True
wheel_W5__b7__leaf_offset1,wheel_W5,31,7,5,15,7,8,0.61000000016189,4,inseparable_vertex_contraction_parallel_sum|inseparable_vertex_contraction_parallel_sum|inseparable_vertex_contraction_parallel_sum|series_bivalent,7,7,0,True
wheel_W5__b7__leaf_offset1,wheel_W5,47,7,5,15,7,8,0.48000000018007993,4,inseparable_vertex_contraction_parallel_sum|inseparable_vertex_contraction_parallel_sum|inseparable_vertex_contraction_parallel_sum|series_bivalent,7,7,0,True
wheel_W5__b7__dual_gateway,wheel_W5,17,7,5,15,7,8,0.27999999997635316,4,inseparable_vertex_contraction_parallel_sum|inseparable_vertex_contraction_parallel_sum|inseparable_vertex_contraction_parallel_sum|series_bivalent,7,7,0,True
wheel_W5__b7__dual_gateway,wheel_W5,31,7,5,15,7,8,0.6800000000964065,4,inseparable_vertex_contraction_parallel_sum|inseparable_vertex_contraction_parallel_sum|inseparable_vertex_contraction_parallel_sum|series_bivalent,7,7,0,True
wheel_W5__b7__dual_gateway,wheel_W5,47,7,5,15,7,8,0.4600000001400622,4,inseparable_vertex_contraction_parallel_sum|inseparable_vertex_contraction_parallel_sum|inseparable_vertex_contraction_parallel_sum|series_bivalent,7,7,0,True
wheel_W5__b8__leaf_offset0,wheel_W5,17,8,5,16,8,8,0.009999999964529707,4,inseparable_vertex_contraction_parallel_sum|inseparable_vertex_contraction_parallel_sum|inseparable_vertex_contraction_parallel_sum|series_bivalent,8,8,0,True
wheel_W5__b8__leaf_offset0,wheel_W5,31,8,5,16,8,8,0.009999999931787898,4,inseparable_vertex_contraction_parallel_sum|inseparable_vertex_contraction_parallel_sum|inseparable_vertex_contraction_parallel_sum|series_bivalent,8,8,0,True
wheel_W5__b8__leaf_offset0,wheel_W5,47,8,5,16,8,8,0.009999999846295396,4,inseparable_vertex_contraction_parallel_sum|inseparable_vertex_contraction_parallel_sum|inseparable_vertex_contraction_parallel_sum|series_bivalent,8,8,0,True
wheel_W5__b8__leaf_offset1,wheel_W5,17,8,5,16,8,8,0.02999999986084731,4,inseparable_vertex_contraction_parallel_sum|inseparable_vertex_contraction_parallel_sum|inseparable_vertex_contraction_parallel_sum|series_bivalent,8,8,0,True
wheel_W5__b8__leaf_offset1,wheel_W5,31,8,5,16,9,7,0.009999999817191565,3,inseparable_vertex_contraction_parallel_sum|inseparable_vertex_contraction_parallel_sum|inseparable_vertex_contraction_parallel_sum,9,9,0,True
wheel_W5__b8__leaf_offset1,wheel_W5,47,8,5,16,9,7,0.009999999909960025,3,inseparable_vertex_contraction_parallel_sum|inseparable_vertex_contraction_parallel_sum|inseparable_vertex_contraction_parallel_sum,9,9,0,True
wheel_W5__b8__dual_gateway,wheel_W5,17,8,5,16,8,8,3.9108272176235914e-11,4,inseparable_vertex_contraction_parallel_sum|inseparable_vertex_contraction_parallel_sum|inseparable_vertex_contraction_parallel_sum|series_bivalent,8,8,0,True
wheel_W5__b8__dual_gateway,wheel_W5,31,8,5,16,9,7,0.009999999909960025,3,inseparable_vertex_contraction_parallel_sum|inseparable_vertex_contraction_parallel_sum|inseparable_vertex_contraction_parallel_sum,9,9,0,True
wheel_W5__b8__dual_gateway,wheel_W5,47,8,5,16,8,8,0.009999999919054972,4,inseparable_vertex_contraction_parallel_sum|inseparable_vertex_contraction_parallel_sum|inseparable_vertex_contraction_parallel_sum|series_bivalent,8,8,0,True
K5_minus_v1__b6__leaf_offset0,K5_minus_v1,17,6,5,15,6,9,0.06000000007457856,4,inseparable_vertex_contraction_parallel_sum|inseparable_vertex_contraction_parallel_sum|inseparable_vertex_contraction_parallel_sum|series_bivalent,6,6,0,True
K5_minus_v1__b6__leaf_offset0,K5_minus_v1,31,6,5,15,6,9,0.01000000006366463,4,inseparable_vertex_contraction_parallel_sum|inseparable_vertex_contraction_parallel_sum|inseparable_vertex_contraction_parallel_sum|series_bivalent,6,6,0,True
K5_minus_v1__b6__leaf_offset0,K5_minus_v1,47,6,5,15,6,9,0.06000000008913048,4,inseparable_vertex_contraction_parallel_sum|inseparable_vertex_contraction_parallel_sum|inseparable_vertex_contraction_parallel_sum|series_bivalent,6,6,0,True
K5_minus_v1__b6__leaf_offset1,K5_minus_v1,17,6,5,15,6,9,0.010000000067302608,4,inseparable_vertex_contraction_parallel_sum|inseparable_vertex_contraction_parallel_sum|inseparable_vertex_contraction_parallel_sum|series_bivalent,6,6,0,True
K5_minus_v1__b6__leaf_offset1,K5_minus_v1,31,6,5,15,6,9,1.2732925824820995e-11,4,inseparable_vertex_contraction_parallel_sum|inseparable_vertex_contraction_parallel_sum|inseparable_vertex_contraction_parallel_sum|series_bivalent,6,6,0,True
K5_minus_v1__b6__leaf_offset1,K5_minus_v1,47,6,5,15,6,9,0.029999999925421433,4,inseparable_vertex_contraction_parallel_sum|inseparable_vertex_contraction_parallel_sum|inseparable_vertex_contraction_parallel_sum|series_bivalent,6,6,0,True
K5_minus_v1__b6__dual_gateway,K5_minus_v1,17,6,5,15,6,9,0.020000000012732926,4,inseparable_vertex_contraction_parallel_sum|inseparable_vertex_contraction_parallel_sum|inseparable_vertex_contraction_parallel_sum|series_bivalent,6,6,0,True
K5_minus_v1__b6__dual_gateway,K5_minus_v1,31,6,5,15,6,9,0.07999999997635314,4,inseparable_vertex_contraction_parallel_sum|inseparable_vertex_contraction_parallel_sum|inseparable_vertex_contraction_parallel_sum|series_bivalent,6,6,0,True
K5_minus_v1__b6__dual_gateway,K5_minus_v1,47,6,5,15,6,9,1.2732925824820995e-11,4,inseparable_vertex_contraction_parallel_sum|inseparable_vertex_contraction_parallel_sum|inseparable_vertex_contraction_parallel_sum|series_bivalent,6,6,0,True
K5_minus_v1__b7__leaf_offset0,K5_minus_v1,17,7,5,16,7,9,0.34999999996816766,4,inseparable_vertex_contraction_parallel_sum|inseparable_vertex_contraction_parallel_sum|inseparable_vertex_contraction_parallel_sum|series_bivalent,7,7,0,True
K5_minus_v1__b7__leaf_offset0,K5_minus_v1,31,7,5,16,7,9,0.5199999999827196,4,inseparable_vertex_contraction_parallel_sum|inseparable_vertex_contraction_parallel_sum|inseparable_vertex_contraction_parallel_sum|series_bivalent,7,7,0,True
K5_minus_v1__b7__leaf_offset0,K5_minus_v1,47,7,5,16,7,9,0.4099999999263309,4,inseparable_vertex_contraction_parallel_sum|inseparable_vertex_contraction_parallel_sum|inseparable_vertex_contraction_parallel_sum|series_bivalent,7,7,0,True
K5_minus_v1__b7__leaf_offset1,K5_minus_v1,17,7,5,16,7,9,0.56000000009004,4,inseparable_vertex_contraction_parallel_sum|inseparable_vertex_contraction_parallel_sum|inseparable_vertex_contraction_parallel_sum|series_bivalent,7,7,0,True
K5_minus_v1__b7__leaf_offset1,K5_minus_v1,31,7,5,16,7,9,0.7500000000409273,4,inseparable_vertex_contraction_parallel_sum|inseparable_vertex_contraction_parallel_sum|inseparable_vertex_contraction_parallel_sum|series_bivalent,7,7,0,True
K5_minus_v1__b7__leaf_offset1,K5_minus_v1,47,7,5,16,7,9,0.36000000007548805,4,inseparable_vertex_contraction_parallel_sum|inseparable_vertex_contraction_parallel_sum|inseparable_vertex_contraction_parallel_sum|series_bivalent,7,7,0,True
K5_minus_v1__b7__dual_gateway,K5_minus_v1,17,7,5,16,7,9,0.6500000000263754,4,inseparable_vertex_contraction_parallel_sum|inseparable_vertex_contraction_parallel_sum|inseparable_vertex_contraction_parallel_sum|series_bivalent,7,7,0,True
K5_minus_v1__b7__dual_gateway,K5_minus_v1,31,7,5,16,7,9,0.48000000009003996,4,inseparable_vertex_contraction_parallel_sum|inseparable_vertex_contraction_parallel_sum|inseparable_vertex_contraction_parallel_sum|series_bivalent,7,7,0,True
K5_minus_v1__b7__dual_gateway,K5_minus_v1,47,7,5,16,7,9,0.6100000000354703,4,inseparable_vertex_contraction_parallel_sum|inseparable_vertex_contraction_parallel_sum|inseparable_vertex_contraction_parallel_sum|series_bivalent,7,7,0,True
K5_minus_v1__b8__leaf_offset0,K5_minus_v1,17,8,5,17,8,9,0.030000000017735146,4,inseparable_vertex_contraction_parallel_sum|inseparable_vertex_contraction_parallel_sum|inseparable_vertex_contraction_parallel_sum|series_bivalent,8,8,0,True
K5_minus_v1__b8__leaf_offset0,K5_minus_v1,31,8,5,17,8,9,6.957634468562901e-11,4,inseparable_vertex_contraction_parallel_sum|inseparable_vertex_contraction_parallel_sum|inseparable_vertex_contraction_parallel_sum|series_bivalent,8,8,0,True
K5_minus_v1__b8__leaf_offset0,K5_minus_v1,47,8,5,17,8,9,7.685230229981244e-11,4,inseparable_vertex_contraction_parallel_sum|inseparable_vertex_contraction_parallel_sum|inseparable_vertex_contraction_parallel_sum|series_bivalent,8,8,0,True
K5_minus_v1__b8__leaf_offset1,K5_minus_v1,17,8,5,17,8,9,0.009999999976807885,4,inseparable_vertex_contraction_parallel_sum|inseparable_vertex_contraction_parallel_sum|inseparable_vertex_contraction_parallel_sum|series_bivalent,8,8,0,True
K5_minus_v1__b8__leaf_offset1,K5_minus_v1,31,8,5,17,8,9,0.08000000001955414,4,inseparable_vertex_contraction_parallel_sum|inseparable_vertex_contraction_parallel_sum|inseparable_vertex_contraction_parallel_sum|series_bivalent,8,8,0,True
K5_minus_v1__b8__leaf_offset1,K5_minus_v1,47,8,5,17,8,9,0.009999999925876182,4,inseparable_vertex_contraction_parallel_sum|inseparable_vertex_contraction_parallel_sum|inseparable_vertex_contraction_parallel_sum|series_bivalent,8,8,0,True
K5_minus_v1__b8__dual_gateway,K5_minus_v1,17,8,5,17,8,9,0.009999999967712938,4,inseparable_vertex_contraction_parallel_sum|inseparable_vertex_contraction_parallel_sum|inseparable_vertex_contraction_parallel_sum|series_bivalent,8,8,0,True
K5_minus_v1__b8__dual_gateway,K5_minus_v1,31,8,5,17,8,9,6.684786058031023e-11,4,inseparable_vertex_contraction_parallel_sum|inseparable_vertex_contraction_parallel_sum|inseparable_vertex_contraction_parallel_sum|series_bivalent,8,8,0,True
K5_minus_v1__b8__dual_gateway,K5_minus_v1,47,8,5,17,8,9,0.01999999999317879,4,inseparable_vertex_contraction_parallel_sum|inseparable_vertex_contraction_parallel_sum|inseparable_vertex_contraction_parallel_sum|series_bivalent,8,8,0,True
K23_bipartite__b6__leaf_offset0,K23_bipartite,17,6,5,12,6,6,0.1399999996944098,4,inseparable_vertex_contraction_parallel_sum|series_bivalent|series_bivalent|series_bivalent,6,6,0,True
K23_bipartite__b6__leaf_offset0,K23_bipartite,31,6,5,12,8,4,0.0399999676074367,1,inseparable_vertex_contraction_parallel_sum,11,8,3,True
K23_bipartite__b6__leaf_offset0,K23_bipartite,47,6,5,12,6,6,7.130438461899757e-10,4,inseparable_vertex_contraction_parallel_sum|series_bivalent|series_bivalent|series_bivalent,6,6,0,True
K23_bipartite__b6__leaf_offset1,K23_bipartite,17,6,5,12,7,5,0.03999999946157914,3,inseparable_vertex_contraction_parallel_sum|inseparable_vertex_contraction_parallel_sum|inseparable_vertex_contraction_parallel_sum,7,7,0,True
K23_bipartite__b6__leaf_offset1,K23_bipartite,31,6,5,12,7,5,0.019999999403371476,3,inseparable_vertex_contraction_parallel_sum|inseparable_vertex_contraction_parallel_sum|inseparable_vertex_contraction_parallel_sum,7,7,0,True
K23_bipartite__b6__leaf_offset1,K23_bipartite,47,6,5,12,6,6,0.030000000276486388,4,inseparable_vertex_contraction_parallel_sum|series_bivalent|series_bivalent|series_bivalent,6,6,0,True
K23_bipartite__b6__dual_gateway,K23_bipartite,17,6,5,12,7,5,0.02999995477264747,3,inseparable_vertex_contraction_parallel_sum|inseparable_vertex_contraction_parallel_sum|inseparable_vertex_contraction_parallel_sum,7,7,0,True
K23_bipartite__b6__dual_gateway,K23_bipartite,31,6,5,12,6,6,0.14000000050931705,4,inseparable_vertex_contraction_parallel_sum|series_bivalent|series_bivalent|series_bivalent,6,6,0,True
K23_bipartite__b6__dual_gateway,K23_bipartite,47,6,5,12,8,4,0.01999996142287273,1,inseparable_vertex_contraction_parallel_sum,11,8,3,True
K23_bipartite__b7__leaf_offset0,K23_bipartite,17,7,5,13,9,4,0.1000000322397682,2,inseparable_vertex_contraction_parallel_sum|inseparable_vertex_contraction_parallel_sum,10,9,1,True
K23_bipartite__b7__leaf_offset0,K23_bipartite,31,7,5,13,9,4,0.08000003857712727,2,inseparable_vertex_contraction_parallel_sum|inseparable_vertex_contraction_parallel_sum,10,9,1,True
K23_bipartite__b7__leaf_offset0,K23_bipartite,47,7,5,13,11,2,0.04999995487451088,0,,13,11,2,True
K23_bipartite__b7__leaf_offset1,K23_bipartite,17,7,5,13,12,1,0.07999997422128217,0,,13,12,1,True
K23_bipartite__b7__leaf_offset1,K23_bipartite,31,7,5,13,8,5,0.03999995456892066,3,inseparable_vertex_contraction_parallel_sum|inseparable_vertex_contraction_parallel_sum|inseparable_vertex_contraction_parallel_sum,8,8,0,True
K23_bipartite__b7__leaf_offset1,K23_bipartite,47,7,5,13,9,4,0.01000001244188752,1,inseparable_vertex_contraction_parallel_sum,12,9,3,True
K23_bipartite__b7__dual_gateway,K23_bipartite,17,7,5,13,11,2,4.543107934296131e-08,0,,13,11,2,True
K23_bipartite__b7__dual_gateway,K23_bipartite,31,7,5,13,9,4,0.009999992098310031,2,inseparable_vertex_contraction_parallel_sum|inseparable_vertex_contraction_parallel_sum,10,9,1,True
K23_bipartite__b7__dual_gateway,K23_bipartite,47,7,5,13,8,5,0.0400000388463377,3,inseparable_vertex_contraction_parallel_sum|inseparable_vertex_contraction_parallel_sum|inseparable_vertex_contraction_parallel_sum,8,8,0,True
K23_bipartite__b8__leaf_offset0,K23_bipartite,17,8,5,14,12,2,0.00999999963256414,0,,14,12,2,True
K23_bipartite__b8__leaf_offset0,K23_bipartite,31,8,5,14,12,2,0.02999999935607775,0,,14,12,2,True
K23_bipartite__b8__leaf_offset0,K23_bipartite,47,8,5,14,13,1,0.019999999690771802,0,,14,13,1,True
K23_bipartite__b8__leaf_offset1,K23_bipartite,17,8,5,14,11,3,0.019999999741703505,1,inseparable_vertex_contraction_parallel_sum,13,11,2,True
K23_bipartite__b8__leaf_offset1,K23_bipartite,31,8,5,14,12,2,0.019999992269295035,0,,14,12,2,True
K23_bipartite__b8__leaf_offset1,K23_bipartite,47,8,5,14,12,2,0.00999997468694346,0,,14,12,2,True
K23_bipartite__b8__dual_gateway,K23_bipartite,17,8,5,14,10,4,0.009999999843566912,1,inseparable_vertex_contraction_parallel_sum,13,10,3,True
K23_bipartite__b8__dual_gateway,K23_bipartite,31,8,5,14,11,3,0.010000000280124368,0,,14,11,3,True
K23_bipartite__b8__dual_gateway,K23_bipartite,47,8,5,14,13,1,4.598405212163925e-09,0,,14,13,1,True
K5_minus_v0__b6__leaf_offset0,K5_minus_v0,17,6,5,15,6,9,0.020000000020008884,4,inseparable_vertex_contraction_parallel_sum|inseparable_vertex_contraction_parallel_sum|inseparable_vertex_contraction_parallel_sum|series_bivalent,6,6,0,True
K5_minus_v0__b6__leaf_offset0,K5_minus_v0,31,6,5,15,6,9,0.049999999932697395,4,inseparable_vertex_contraction_parallel_sum|inseparable_vertex_contraction_parallel_sum|inseparable_vertex_contraction_parallel_sum|series_bivalent,6,6,0,True
K5_minus_v0__b6__leaf_offset0,K5_minus_v0,47,6,5,15,6,9,0.05999999993269739,4,inseparable_vertex_contraction_parallel_sum|inseparable_vertex_contraction_parallel_sum|inseparable_vertex_contraction_parallel_sum|series_bivalent,6,6,0,True
K5_minus_v0__b6__leaf_offset1,K5_minus_v0,17,6,5,15,6,9,0.019999999925421435,4,inseparable_vertex_contraction_parallel_sum|inseparable_vertex_contraction_parallel_sum|inseparable_vertex_contraction_parallel_sum|series_bivalent,6,6,0,True
K5_minus_v0__b6__leaf_offset1,K5_minus_v0,31,6,5,15,6,9,0.03999999997635314,4,inseparable_vertex_contraction_parallel_sum|inseparable_vertex_contraction_parallel_sum|inseparable_vertex_contraction_parallel_sum|series_bivalent,6,6,0,True
K5_minus_v0__b6__leaf_offset1,K5_minus_v0,47,6,5,15,6,9,0.00999999991086952,4,inseparable_vertex_contraction_parallel_sum|inseparable_vertex_contraction_parallel_sum|inseparable_vertex_contraction_parallel_sum|series_bivalent,6,6,0,True
K5_minus_v0__b6__dual_gateway,K5_minus_v0,17,6,5,15,6,9,0.010000000012732926,4,inseparable_vertex_contraction_parallel_sum|inseparable_vertex_contraction_parallel_sum|inseparable_vertex_contraction_parallel_sum|series_bivalent,6,6,0,True
K5_minus_v0__b6__dual_gateway,K5_minus_v0,31,6,5,15,6,9,4.547473508864641e-11,4,inseparable_vertex_contraction_parallel_sum|inseparable_vertex_contraction_parallel_sum|inseparable_vertex_contraction_parallel_sum|series_bivalent,6,6,0,True
K5_minus_v0__b6__dual_gateway,K5_minus_v0,47,6,5,15,6,9,0.03999999993633537,4,inseparable_vertex_contraction_parallel_sum|inseparable_vertex_contraction_parallel_sum|inseparable_vertex_contraction_parallel_sum|series_bivalent,6,6,0,True
K5_minus_v0__b7__leaf_offset0,K5_minus_v0,17,7,5,16,7,9,0.5300000000263754,4,inseparable_vertex_contraction_parallel_sum|inseparable_vertex_contraction_parallel_sum|inseparable_vertex_contraction_parallel_sum|series_bivalent,7,7,0,True
K5_minus_v0__b7__leaf_offset0,K5_minus_v0,31,7,5,16,7,9,0.4200000001027729,4,inseparable_vertex_contraction_parallel_sum|inseparable_vertex_contraction_parallel_sum|inseparable_vertex_contraction_parallel_sum|series_bivalent,7,7,0,True
K5_minus_v0__b7__leaf_offset0,K5_minus_v0,47,7,5,16,7,9,0.420000000080945,4,inseparable_vertex_contraction_parallel_sum|inseparable_vertex_contraction_parallel_sum|inseparable_vertex_contraction_parallel_sum|series_bivalent,7,7,0,True
K5_minus_v0__b7__leaf_offset1,K5_minus_v0,17,7,5,16,7,9,0.6199999999772626,4,inseparable_vertex_contraction_parallel_sum|inseparable_vertex_contraction_parallel_sum|inseparable_vertex_contraction_parallel_sum|series_bivalent,7,7,0,True
K5_minus_v0__b7__leaf_offset1,K5_minus_v0,31,7,5,16,7,9,0.2900000000463842,4,inseparable_vertex_contraction_parallel_sum|inseparable_vertex_contraction_parallel_sum|inseparable_vertex_contraction_parallel_sum|series_bivalent,7,7,0,True
K5_minus_v0__b7__leaf_offset1,K5_minus_v0,47,7,5,16,7,9,0.6099999999772626,4,inseparable_vertex_contraction_parallel_sum|inseparable_vertex_contraction_parallel_sum|inseparable_vertex_contraction_parallel_sum|series_bivalent,7,7,0,True
K5_minus_v0__b7__dual_gateway,K5_minus_v0,17,7,5,16,7,9,0.4600000000754881,4,inseparable_vertex_contraction_parallel_sum|inseparable_vertex_contraction_parallel_sum|inseparable_vertex_contraction_parallel_sum|series_bivalent,7,7,0,True
K5_minus_v0__b7__dual_gateway,K5_minus_v0,31,7,5,16,7,9,0.5800000000954969,4,inseparable_vertex_contraction_parallel_sum|inseparable_vertex_contraction_parallel_sum|inseparable_vertex_contraction_parallel_sum|series_bivalent,7,7,0,True
K5_minus_v0__b7__dual_gateway,K5_minus_v0,47,7,5,16,7,9,0.6099999999899955,4,inseparable_vertex_contraction_parallel_sum|inseparable_vertex_contraction_parallel_sum|inseparable_vertex_contraction_parallel_sum|series_bivalent,7,7,0,True
K5_minus_v0__b8__leaf_offset0,K5_minus_v0,17,8,5,17,8,9,0.010000000061390893,4,inseparable_vertex_contraction_parallel_sum|inseparable_vertex_contraction_parallel_sum|inseparable_vertex_contraction_parallel_sum|series_bivalent,8,8,0,True
K5_minus_v0__b8__leaf_offset0,K5_minus_v0,31,8,5,17,8,9,0.019999999923147698,4,inseparable_vertex_contraction_parallel_sum|inseparable_vertex_contraction_parallel_sum|inseparable_vertex_contraction_parallel_sum|series_bivalent,8,8,0,True
K5_minus_v0__b8__leaf_offset0,K5_minus_v0,47,8,5,17,8,9,2.0463630789890885e-11,4,inseparable_vertex_contraction_parallel_sum|inseparable_vertex_contraction_parallel_sum|inseparable_vertex_contraction_parallel_sum|series_bivalent,8,8,0,True
K5_minus_v0__b8__leaf_offset1,K5_minus_v0,17,8,5,17,8,9,0.010000000032287062,4,inseparable_vertex_contraction_parallel_sum|inseparable_vertex_contraction_parallel_sum|inseparable_vertex_contraction_parallel_sum|series_bivalent,8,8,0,True
K5_minus_v0__b8__leaf_offset1,K5_minus_v0,31,8,5,17,8,9,0.009999999959527486,4,inseparable_vertex_contraction_parallel_sum|inseparable_vertex_contraction_parallel_sum|inseparable_vertex_contraction_parallel_sum|series_bivalent,8,8,0,True
K5_minus_v0__b8__leaf_offset1,K5_minus_v0,47,8,5,17,8,9,0.020000000064119377,4,inseparable_vertex_contraction_parallel_sum|inseparable_vertex_contraction_parallel_sum|inseparable_vertex_contraction_parallel_sum|series_bivalent,8,8,0,True
K5_minus_v0__b8__dual_gateway,K5_minus_v0,17,8,5,17,8,9,0.019999999897681846,4,inseparable_vertex_contraction_parallel_sum|inseparable_vertex_contraction_parallel_sum|inseparable_vertex_contraction_parallel_sum|series_bivalent,8,8,0,True
K5_minus_v0__b8__dual_gateway,K5_minus_v0,31,8,5,17,8,9,0.009999999925876182,4,inseparable_vertex_contraction_parallel_sum|inseparable_vertex_contraction_parallel_sum|inseparable_vertex_contraction_parallel_sum|series_bivalent,8,8,0,True
K5_minus_v0__b8__dual_gateway,K5_minus_v0,47,8,5,17,8,9,0.009999999959527486,4,inseparable_vertex_contraction_parallel_sum|inseparable_vertex_contraction_parallel_sum|inseparable_vertex_contraction_parallel_sum|series_bivalent,8,8,0,True
complete_K6__b6__leaf_offset0,complete_K6,17,6,6,21,6,15,0.04000000000116529,5,inseparable_vertex_contraction_parallel_sum|inseparable_vertex_contraction_parallel_sum|inseparable_vertex_contraction_parallel_sum|inseparable_vertex_contraction_parallel_sum|series_bivalent,6,6,0,True
complete_K6__b6__leaf_offset0,complete_K6,31,6,6,21,6,15,0.020000000001051604,5,inseparable_vertex_contraction_parallel_sum|inseparable_vertex_contraction_parallel_sum|inseparable_vertex_contraction_parallel_sum|inseparable_vertex_contraction_parallel_sum|series_bivalent,6,6,0,True
complete_K6__b6__leaf_offset0,complete_K6,47,6,6,21,6,15,0.019999999999459988,5,inseparable_vertex_contraction_parallel_sum|inseparable_vertex_contraction_parallel_sum|inseparable_vertex_contraction_parallel_sum|inseparable_vertex_contraction_parallel_sum|series_bivalent,6,6,0,True
complete_K6__b6__leaf_offset1,complete_K6,17,6,6,21,6,15,0.029999999998948396,5,inseparable_vertex_contraction_parallel_sum|inseparable_vertex_contraction_parallel_sum|inseparable_vertex_contraction_parallel_sum|inseparable_vertex_contraction_parallel_sum|series_bivalent,6,6,0,True
complete_K6__b6__leaf_offset1,complete_K6,31,6,6,21,6,15,0.019999999999289458,5,inseparable_vertex_contraction_parallel_sum|inseparable_vertex_contraction_parallel_sum|inseparable_vertex_contraction_parallel_sum|inseparable_vertex_contraction_parallel_sum|series_bivalent,6,6,0,True
complete_K6__b6__leaf_offset1,complete_K6,47,6,6,21,6,15,0.010000000000596856,5,inseparable_vertex_contraction_parallel_sum|inseparable_vertex_contraction_parallel_sum|inseparable_vertex_contraction_parallel_sum|inseparable_vertex_contraction_parallel_sum|series_bivalent,6,6,0,True
complete_K6__b6__dual_gateway,complete_K6,17,6,6,21,6,15,0.010000000000312639,5,inseparable_vertex_contraction_parallel_sum|inseparable_vertex_contraction_parallel_sum|inseparable_vertex_contraction_parallel_sum|inseparable_vertex_contraction_parallel_sum|series_bivalent,6,6,0,True
complete_K6__b6__dual_gateway,complete_K6,31,6,6,21,6,15,1.9895196601282805e-13,5,inseparable_vertex_contraction_parallel_sum|inseparable_vertex_contraction_parallel_sum|inseparable_vertex_contraction_parallel_sum|inseparable_vertex_contraction_parallel_sum|series_bivalent,6,6,0,True
complete_K6__b6__dual_gateway,complete_K6,47,6,6,21,6,15,0.06000000000099476,5,inseparable_vertex_contraction_parallel_sum|inseparable_vertex_contraction_parallel_sum|inseparable_vertex_contraction_parallel_sum|inseparable_vertex_contraction_parallel_sum|series_bivalent,6,6,0,True
complete_K6__b7__leaf_offset0,complete_K6,17,7,6,22,7,15,0.5200000000007248,5,inseparable_vertex_contraction_parallel_sum|inseparable_vertex_contraction_parallel_sum|inseparable_vertex_contraction_parallel_sum|inseparable_vertex_contraction_parallel_sum|series_bivalent,7,7,0,True
complete_K6__b7__leaf_offset0,complete_K6,31,7,6,22,7,15,0.5200000000016058,5,inseparable_vertex_contraction_parallel_sum|inseparable_vertex_contraction_parallel_sum|inseparable_vertex_contraction_parallel_sum|inseparable_vertex_contraction_parallel_sum|series_bivalent,7,7,0,True
complete_K6__b7__leaf_offset0,complete_K6,47,7,6,22,7,15,0.27000000000109425,5,inseparable_vertex_contraction_parallel_sum|inseparable_vertex_contraction_parallel_sum|inseparable_vertex_contraction_parallel_sum|inseparable_vertex_contraction_parallel_sum|series_bivalent,7,7,0,True
complete_K6__b7__leaf_offset1,complete_K6,17,7,6,22,7,15,0.4099999999986215,5,inseparable_vertex_contraction_parallel_sum|inseparable_vertex_contraction_parallel_sum|inseparable_vertex_contraction_parallel_sum|inseparable_vertex_contraction_parallel_sum|series_bivalent,7,7,0,True
complete_K6__b7__leaf_offset1,complete_K6,31,7,6,22,7,15,0.6199999999993037,5,inseparable_vertex_contraction_parallel_sum|inseparable_vertex_contraction_parallel_sum|inseparable_vertex_contraction_parallel_sum|inseparable_vertex_contraction_parallel_sum|series_bivalent,7,7,0,True
complete_K6__b7__leaf_offset1,complete_K6,47,7,6,22,7,15,0.46000000000106583,5,inseparable_vertex_contraction_parallel_sum|inseparable_vertex_contraction_parallel_sum|inseparable_vertex_contraction_parallel_sum|inseparable_vertex_contraction_parallel_sum|series_bivalent,7,7,0,True
complete_K6__b7__dual_gateway,complete_K6,17,7,6,22,7,15,0.6999999999993036,5,inseparable_vertex_contraction_parallel_sum|inseparable_vertex_contraction_parallel_sum|inseparable_vertex_contraction_parallel_sum|inseparable_vertex_contraction_parallel_sum|series_bivalent,7,7,0,True
complete_K6__b7__dual_gateway,complete_K6,31,7,6,22,7,15,0.5699999999998436,5,inseparable_vertex_contraction_parallel_sum|inseparable_vertex_contraction_parallel_sum|inseparable_vertex_contraction_parallel_sum|inseparable_vertex_contraction_parallel_sum|series_bivalent,7,7,0,True
complete_K6__b7__dual_gateway,complete_K6,47,7,6,22,7,15,0.35999999999984367,5,inseparable_vertex_contraction_parallel_sum|inseparable_vertex_contraction_parallel_sum|inseparable_vertex_contraction_parallel_sum|inseparable_vertex_contraction_parallel_sum|series_bivalent,7,7,0,True
complete_K6__b8__leaf_offset0,complete_K6,17,8,6,23,8,15,0.009999999998600231,5,inseparable_vertex_contraction_parallel_sum|inseparable_vertex_contraction_parallel_sum|inseparable_vertex_contraction_parallel_sum|inseparable_vertex_contraction_parallel_sum|series_bivalent,8,8,0,True
complete_K6__b8__leaf_offset0,complete_K6,31,8,6,23,8,15,2.7711166694643907e-13,5,inseparable_vertex_contraction_parallel_sum|inseparable_vertex_contraction_parallel_sum|inseparable_vertex_contraction_parallel_sum|inseparable_vertex_contraction_parallel_sum|series_bivalent,8,8,0,True
complete_K6__b8__leaf_offset0,complete_K6,47,8,6,23,8,15,0.009999999999637623,5,inseparable_vertex_contraction_parallel_sum|inseparable_vertex_contraction_parallel_sum|inseparable_vertex_contraction_parallel_sum|inseparable_vertex_contraction_parallel_sum|series_bivalent,8,8,0,True
complete_K6__b8__leaf_offset1,complete_K6,17,8,6,23,8,15,0.029999999999197086,5,inseparable_vertex_contraction_parallel_sum|inseparable_vertex_contraction_parallel_sum|inseparable_vertex_contraction_parallel_sum|inseparable_vertex_contraction_parallel_sum|series_bivalent,8,8,0,True
complete_K6__b8__leaf_offset1,complete_K6,31,8,6,23,8,15,0.00999999999941025,5,inseparable_vertex_contraction_parallel_sum|inseparable_vertex_contraction_parallel_sum|inseparable_vertex_contraction_parallel_sum|inseparable_vertex_contraction_parallel_sum|series_bivalent,8,8,0,True
complete_K6__b8__leaf_offset1,complete_K6,47,8,6,23,8,15,0.00999999999874234,5,inseparable_vertex_contraction_parallel_sum|inseparable_vertex_contraction_parallel_sum|inseparable_vertex_contraction_parallel_sum|inseparable_vertex_contraction_parallel_sum|series_bivalent,8,8,0,True
complete_K6__b8__dual_gateway,complete_K6,17,8,6,23,8,15,0.02000000000142819,5,inseparable_vertex_contraction_parallel_sum|inseparable_vertex_contraction_parallel_sum|inseparable_vertex_contraction_parallel_sum|inseparable_vertex_contraction_parallel_sum|series_bivalent,8,8,0,True
complete_K6__b8__dual_gateway,complete_K6,31,8,6,23,8,15,0.010000000000191847,5,inseparable_vertex_contraction_parallel_sum|inseparable_vertex_contraction_parallel_sum|inseparable_vertex_contraction_parallel_sum|inseparable_vertex_contraction_parallel_sum|series_bivalent,8,8,0,True
complete_K6__b8__dual_gateway,complete_K6,47,8,6,23,8,15,1.2008172234345693e-12,5,inseparable_vertex_contraction_parallel_sum|inseparable_vertex_contraction_parallel_sum|inseparable_vertex_contraction_parallel_sum|inseparable_vertex_contraction_parallel_sum|series_bivalent,8,8,0,True
wheel_W6__b6__leaf_offset0,wheel_W6,17,6,6,16,6,10,0.0699999999663487,5,inseparable_vertex_contraction_parallel_sum|inseparable_vertex_contraction_parallel_sum|inseparable_vertex_contraction_parallel_sum|inseparable_vertex_contraction_parallel_sum|series_bivalent,6,6,0,True
wheel_W6__b6__leaf_offset0,wheel_W6,31,6,6,16,6,10,3.3651303965598345e-11,5,inseparable_vertex_contraction_parallel_sum|inseparable_vertex_contraction_parallel_sum|inseparable_vertex_contraction_parallel_sum|inseparable_vertex_contraction_parallel_sum|series_bivalent,6,6,0,True
wheel_W6__b6__leaf_offset0,wheel_W6,47,6,6,16,6,10,0.02999999995543476,5,inseparable_vertex_contraction_parallel_sum|inseparable_vertex_contraction_parallel_sum|inseparable_vertex_contraction_parallel_sum|inseparable_vertex_contraction_parallel_sum|series_bivalent,6,6,0,True
wheel_W6__b6__leaf_offset1,wheel_W6,17,6,6,16,6,10,0.02999999997726263,5,inseparable_vertex_contraction_parallel_sum|inseparable_vertex_contraction_parallel_sum|inseparable_vertex_contraction_parallel_sum|inseparable_vertex_contraction_parallel_sum|series_bivalent,6,6,0,True
wheel_W6__b6__leaf_offset1,wheel_W6,31,6,6,16,6,10,0.019999999993633538,5,inseparable_vertex_contraction_parallel_sum|inseparable_vertex_contraction_parallel_sum|inseparable_vertex_contraction_parallel_sum|inseparable_vertex_contraction_parallel_sum|series_bivalent,6,6,0,True
wheel_W6__b6__leaf_offset1,wheel_W6,47,6,6,16,6,10,0.009999999977262633,5,inseparable_vertex_contraction_parallel_sum|inseparable_vertex_contraction_parallel_sum|inseparable_vertex_contraction_parallel_sum|inseparable_vertex_contraction_parallel_sum|series_bivalent,6,6,0,True
wheel_W6__b6__dual_gateway,wheel_W6,17,6,6,16,6,10,0.009999999968167686,5,inseparable_vertex_contraction_parallel_sum|inseparable_vertex_contraction_parallel_sum|inseparable_vertex_contraction_parallel_sum|inseparable_vertex_contraction_parallel_sum|series_bivalent,6,6,0,True
wheel_W6__b6__dual_gateway,wheel_W6,31,6,6,16,6,10,0.0199999999827196,5,inseparable_vertex_contraction_parallel_sum|inseparable_vertex_contraction_parallel_sum|inseparable_vertex_contraction_parallel_sum|inseparable_vertex_contraction_parallel_sum|series_bivalent,6,6,0,True
wheel_W6__b6__dual_gateway,wheel_W6,47,6,6,16,6,10,0.009999999962710717,5,inseparable_vertex_contraction_parallel_sum|inseparable_vertex_contraction_parallel_sum|inseparable_vertex_contraction_parallel_sum|inseparable_vertex_contraction_parallel_sum|series_bivalent,6,6,0,True
wheel_W6__b7__leaf_offset0,wheel_W6,17,7,6,17,7,10,0.41999999999408827,5,inseparable_vertex_contraction_parallel_sum|inseparable_vertex_contraction_parallel_sum|inseparable_vertex_contraction_parallel_sum|inseparable_vertex_contraction_parallel_sum|series_bivalent,7,7,0,True
wheel_W6__b7__leaf_offset0,wheel_W6,31,7,6,17,7,10,0.6899999999831743,5,inseparable_vertex_contraction_parallel_sum|inseparable_vertex_contraction_parallel_sum|inseparable_vertex_contraction_parallel_sum|inseparable_vertex_contraction_parallel_sum|series_bivalent,7,7,0,True
wheel_W6__b7__leaf_offset0,wheel_W6,47,7,6,17,7,10,0.4500000000068212,5,inseparable_vertex_contraction_parallel_sum|inseparable_vertex_contraction_parallel_sum|inseparable_vertex_contraction_parallel_sum|inseparable_vertex_contraction_parallel_sum|series_bivalent,7,7,0,True
wheel_W6__b7__leaf_offset1,wheel_W6,17,7,6,17,7,10,0.6799999999940883,5,inseparable_vertex_contraction_parallel_sum|inseparable_vertex_contraction_parallel_sum|inseparable_vertex_contraction_parallel_sum|inseparable_vertex_contraction_parallel_sum|series_bivalent,7,7,0,True
wheel_W6__b7__leaf_offset1,wheel_W6,31,7,6,17,7,10,0.46000000003865354,5,inseparable_vertex_contraction_parallel_sum|inseparable_vertex_contraction_parallel_sum|inseparable_vertex_contraction_parallel_sum|inseparable_vertex_contraction_parallel_sum|series_bivalent,7,7,0,True
wheel_W6__b7__leaf_offset1,wheel_W6,47,7,6,17,7,10,0.5000000000068212,5,inseparable_vertex_contraction_parallel_sum|inseparable_vertex_contraction_parallel_sum|inseparable_vertex_contraction_parallel_sum|inseparable_vertex_contraction_parallel_sum|series_bivalent,7,7,0,True
wheel_W6__b7__dual_gateway,wheel_W6,17,7,6,17,7,10,0.3200000000122782,5,inseparable_vertex_contraction_parallel_sum|inseparable_vertex_contraction_parallel_sum|inseparable_vertex_contraction_parallel_sum|inseparable_vertex_contraction_parallel_sum|series_bivalent,7,7,0,True
wheel_W6__b7__dual_gateway,wheel_W6,31,7,6,17,7,10,0.40999999999408826,5,inseparable_vertex_contraction_parallel_sum|inseparable_vertex_contraction_parallel_sum|inseparable_vertex_contraction_parallel_sum|inseparable_vertex_contraction_parallel_sum|series_bivalent,7,7,0,True
wheel_W6__b7__dual_gateway,wheel_W6,47,7,6,17,7,10,0.3500000000068212,5,inseparable_vertex_contraction_parallel_sum|inseparable_vertex_contraction_parallel_sum|inseparable_vertex_contraction_parallel_sum|inseparable_vertex_contraction_parallel_sum|series_bivalent,7,7,0,True
wheel_W6__b8__leaf_offset0,wheel_W6,17,8,6,18,8,10,0.010000000018872015,5,inseparable_vertex_contraction_parallel_sum|inseparable_vertex_contraction_parallel_sum|inseparable_vertex_contraction_parallel_sum|inseparable_vertex_contraction_parallel_sum|series_bivalent,8,8,0,True
wheel_W6__b8__leaf_offset0,wheel_W6,31,8,6,18,8,10,0.009999999954297891,5,inseparable_vertex_contraction_parallel_sum|inseparable_vertex_contraction_parallel_sum|inseparable_vertex_contraction_parallel_sum|inseparable_vertex_contraction_parallel_sum|series_bivalent,8,8,0,True
wheel_W6__b8__leaf_offset0,wheel_W6,47,8,6,18,8,10,0.05000000002251,5,inseparable_vertex_contraction_parallel_sum|inseparable_vertex_contraction_parallel_sum|inseparable_vertex_contraction_parallel_sum|inseparable_vertex_contraction_parallel_sum|series_bivalent,8,8,0,True
wheel_W6__b8__leaf_offset1,wheel_W6,17,8,6,18,9,9,1.9326762412674725e-11,4,inseparable_vertex_contraction_parallel_sum|inseparable_vertex_contraction_parallel_sum|inseparable_vertex_contraction_parallel_sum|inseparable_vertex_contraction_parallel_sum,9,9,0,True
wheel_W6__b8__leaf_offset1,wheel_W6,31,8,6,18,9,9,8.86757334228605e-12,4,inseparable_vertex_contraction_parallel_sum|inseparable_vertex_contraction_parallel_sum|inseparable_vertex_contraction_parallel_sum|inseparable_vertex_contraction_parallel_sum,9,9,0,True
wheel_W6__b8__leaf_offset1,wheel_W6,47,8,6,18,9,9,0.010000000008867574,4,inseparable_vertex_contraction_parallel_sum|inseparable_vertex_contraction_parallel_sum|inseparable_vertex_contraction_parallel_sum|inseparable_vertex_contraction_parallel_sum,9,9,0,True
wheel_W6__b8__dual_gateway,wheel_W6,17,8,6,18,8,10,0.019999999974306775,5,inseparable_vertex_contraction_parallel_sum|inseparable_vertex_contraction_parallel_sum|inseparable_vertex_contraction_parallel_sum|inseparable_vertex_contraction_parallel_sum|series_bivalent,8,8,0,True
wheel_W6__b8__dual_gateway,wheel_W6,31,8,6,18,8,10,0.00999999996657607,5,inseparable_vertex_contraction_parallel_sum|inseparable_vertex_contraction_parallel_sum|inseparable_vertex_contraction_parallel_sum|inseparable_vertex_contraction_parallel_sum|series_bivalent,8,8,0,True
wheel_W6__b8__dual_gateway,wheel_W6,47,8,6,18,9,9,0.010000000011596058,4,inseparable_vertex_contraction_parallel_sum|inseparable_vertex_contraction_parallel_sum|inseparable_vertex_contraction_parallel_sum|inseparable_vertex_contraction_parallel_sum,9,9,0,True
triangular_prism__b6__leaf_offset0,triangular_prism,17,6,6,15,6,9,0.009999999925421435,5,inseparable_vertex_contraction_parallel_sum|inseparable_vertex_contraction_parallel_sum|inseparable_vertex_contraction_parallel_sum|inseparable_vertex_contraction_parallel_sum|series_bivalent,6,6,0,True
triangular_prism__b6__leaf_offset0,triangular_prism,31,6,6,15,6,9,0.08000000595173333,5,inseparable_vertex_contraction_parallel_sum|inseparable_vertex_contraction_parallel_sum|inseparable_vertex_contraction_parallel_sum|inseparable_vertex_contraction_parallel_sum|series_bivalent,6,6,0,True
triangular_prism__b6__leaf_offset0,triangular_prism,47,6,6,15,7,8,0.009999999961801223,4,inseparable_vertex_contraction_parallel_sum|inseparable_vertex_contraction_parallel_sum|inseparable_vertex_contraction_parallel_sum|inseparable_vertex_contraction_parallel_sum,7,7,0,True
triangular_prism__b6__leaf_offset1,triangular_prism,17,6,6,15,7,8,0.04000000003819878,4,inseparable_vertex_contraction_parallel_sum|inseparable_vertex_contraction_parallel_sum|inseparable_vertex_contraction_parallel_sum|inseparable_vertex_contraction_parallel_sum,7,7,0,True
triangular_prism__b6__leaf_offset1,triangular_prism,31,6,6,15,6,9,6.366462912410498e-11,5,inseparable_vertex_contraction_parallel_sum|inseparable_vertex_contraction_parallel_sum|inseparable_vertex_contraction_parallel_sum|inseparable_vertex_contraction_parallel_sum|series_bivalent,6,6,0,True
triangular_prism__b6__leaf_offset1,triangular_prism,47,6,6,15,6,9,4.547473508864641e-11,5,inseparable_vertex_contraction_parallel_sum|inseparable_vertex_contraction_parallel_sum|inseparable_vertex_contraction_parallel_sum|inseparable_vertex_contraction_parallel_sum|series_bivalent,6,6,0,True
triangular_prism__b6__dual_gateway,triangular_prism,17,6,6,15,6,9,0.019999999932697392,5,inseparable_vertex_contraction_parallel_sum|inseparable_vertex_contraction_parallel_sum|inseparable_vertex_contraction_parallel_sum|inseparable_vertex_contraction_parallel_sum|series_bivalent,6,6,0,True
triangular_prism__b6__dual_gateway,triangular_prism,31,6,6,15,7,8,0.06000000008913048,4,inseparable_vertex_contraction_parallel_sum|inseparable_vertex_contraction_parallel_sum|inseparable_vertex_contraction_parallel_sum|inseparable_vertex_contraction_parallel_sum,7,7,0,True
triangular_prism__b6__dual_gateway,triangular_prism,47,6,6,15,6,9,0.01999999991086952,5,inseparable_vertex_contraction_parallel_sum|inseparable_vertex_contraction_parallel_sum|inseparable_vertex_contraction_parallel_sum|inseparable_vertex_contraction_parallel_sum|series_bivalent,6,6,0,True
triangular_prism__b7__leaf_offset0,triangular_prism,17,7,6,16,8,8,0.379999993997335,4,inseparable_vertex_contraction_parallel_sum|inseparable_vertex_contraction_parallel_sum|inseparable_vertex_contraction_parallel_sum|inseparable_vertex_contraction_parallel_sum,8,8,0,True
triangular_prism__b7__leaf_offset0,triangular_prism,31,7,6,16,7,9,0.40000000600266505,5,inseparable_vertex_contraction_parallel_sum|inseparable_vertex_contraction_parallel_sum|inseparable_vertex_contraction_parallel_sum|inseparable_vertex_contraction_parallel_sum|series_bivalent,7,7,0,True
triangular_prism__b7__leaf_offset0,triangular_prism,47,7,6,16,7,9,0.23000000600266504,5,inseparable_vertex_contraction_parallel_sum|inseparable_vertex_contraction_parallel_sum|inseparable_vertex_contraction_parallel_sum|inseparable_vertex_contraction_parallel_sum|series_bivalent,7,7,0,True
triangular_prism__b7__leaf_offset1,triangular_prism,17,7,6,16,8,8,0.3199999939718691,4,inseparable_vertex_contraction_parallel_sum|inseparable_vertex_contraction_parallel_sum|inseparable_vertex_contraction_parallel_sum|inseparable_vertex_contraction_parallel_sum,8,8,0,True
triangular_prism__b7__leaf_offset1,triangular_prism,31,7,6,16,7,9,0.1700000060281309,5,inseparable_vertex_contraction_parallel_sum|inseparable_vertex_contraction_parallel_sum|inseparable_vertex_contraction_parallel_sum|inseparable_vertex_contraction_parallel_sum|series_bivalent,7,7,0,True
triangular_prism__b7__leaf_offset1,triangular_prism,47,7,6,16,8,8,0.18999999397186912,4,inseparable_vertex_contraction_parallel_sum|inseparable_vertex_contraction_parallel_sum|inseparable_vertex_contraction_parallel_sum|inseparable_vertex_contraction_parallel_sum,8,8,0,True
triangular_prism__b7__dual_gateway,triangular_prism,17,7,6,16,7,9,0.06000000602813088,5,inseparable_vertex_contraction_parallel_sum|inseparable_vertex_contraction_parallel_sum|inseparable_vertex_contraction_parallel_sum|inseparable_vertex_contraction_parallel_sum|series_bivalent,7,7,0,True
triangular_prism__b7__dual_gateway,triangular_prism,31,7,6,16,8,8,0.11999999397186911,4,inseparable_vertex_contraction_parallel_sum|inseparable_vertex_contraction_parallel_sum|inseparable_vertex_contraction_parallel_sum|inseparable_vertex_contraction_parallel_sum,8,8,0,True
triangular_prism__b7__dual_gateway,triangular_prism,47,7,6,16,7,9,0.050000006028130886,5,inseparable_vertex_contraction_parallel_sum|inseparable_vertex_contraction_parallel_sum|inseparable_vertex_contraction_parallel_sum|inseparable_vertex_contraction_parallel_sum|series_bivalent,7,7,0,True
triangular_prism__b8__leaf_offset0,triangular_prism,17,8,6,17,10,7,4.774847184307873e-11,3,inseparable_vertex_contraction_parallel_sum|inseparable_vertex_contraction_parallel_sum|inseparable_vertex_contraction_parallel_sum,11,10,1,True
triangular_prism__b8__leaf_offset0,triangular_prism,31,8,6,17,8,9,0.010000000045019988,5,inseparable_vertex_contraction_parallel_sum|inseparable_vertex_contraction_parallel_sum|inseparable_vertex_contraction_parallel_sum|inseparable_vertex_contraction_parallel_sum|series_bivalent,8,8,0,True
triangular_prism__b8__leaf_offset0,triangular_prism,47,8,6,17,8,9,0.10000000006775736,5,inseparable_vertex_contraction_parallel_sum|inseparable_vertex_contraction_parallel_sum|inseparable_vertex_contraction_parallel_sum|inseparable_vertex_contraction_parallel_sum|series_bivalent,8,8,0,True
triangular_prism__b8__leaf_offset1,triangular_prism,17,8,6,17,8,9,0.01000000604086381,5,inseparable_vertex_contraction_parallel_sum|inseparable_vertex_contraction_parallel_sum|inseparable_vertex_contraction_parallel_sum|inseparable_vertex_contraction_parallel_sum|series_bivalent,8,8,0,True
triangular_prism__b8__leaf_offset1,triangular_prism,31,8,6,17,9,8,2.0463630789890885e-11,4,inseparable_vertex_contraction_parallel_sum|inseparable_vertex_contraction_parallel_sum|inseparable_vertex_contraction_parallel_sum|inseparable_vertex_contraction_parallel_sum,9,9,0,True
triangular_prism__b8__leaf_offset1,triangular_prism,47,8,6,17,10,7,0.019999999897681846,3,inseparable_vertex_contraction_parallel_sum|inseparable_vertex_contraction_parallel_sum|inseparable_vertex_contraction_parallel_sum,11,10,1,True
triangular_prism__b8__dual_gateway,triangular_prism,17,8,6,17,8,9,6.821210263296962e-12,5,inseparable_vertex_contraction_parallel_sum|inseparable_vertex_contraction_parallel_sum|inseparable_vertex_contraction_parallel_sum|inseparable_vertex_contraction_parallel_sum|series_bivalent,8,8,0,True
triangular_prism__b8__dual_gateway,triangular_prism,31,8,6,17,9,8,0.030000005979472916,4,inseparable_vertex_contraction_parallel_sum|inseparable_vertex_contraction_parallel_sum|inseparable_vertex_contraction_parallel_sum|inseparable_vertex_contraction_parallel_sum,9,9,0,True
triangular_prism__b8__dual_gateway,triangular_prism,47,8,6,17,8,9,0.019999999932242645,5,inseparable_vertex_contraction_parallel_sum|inseparable_vertex_contraction_parallel_sum|inseparable_vertex_contraction_parallel_sum|inseparable_vertex_contraction_parallel_sum|series_bivalent,8,8,0,True
octahedral__b6__leaf_offset0,octahedral,17,6,6,18,6,12,0.04999999998885869,5,inseparable_vertex_contraction_parallel_sum|inseparable_vertex_contraction_parallel_sum|inseparable_vertex_contraction_parallel_sum|inseparable_vertex_contraction_parallel_sum|series_bivalent,6,6,0,True
octahedral__b6__leaf_offset0,octahedral,31,6,6,18,6,12,0.010000000004774847,5,inseparable_vertex_contraction_parallel_sum|inseparable_vertex_contraction_parallel_sum|inseparable_vertex_contraction_parallel_sum|inseparable_vertex_contraction_parallel_sum|series_bivalent,6,6,0,True
octahedral__b6__leaf_offset0,octahedral,47,6,6,18,6,12,0.0200000000043201,5,inseparable_vertex_contraction_parallel_sum|inseparable_vertex_contraction_parallel_sum|inseparable_vertex_contraction_parallel_sum|inseparable_vertex_contraction_parallel_sum|series_bivalent,6,6,0,True
octahedral__b6__leaf_offset1,octahedral,17,6,6,18,6,12,0.05000000000295586,5,inseparable_vertex_contraction_parallel_sum|inseparable_vertex_contraction_parallel_sum|inseparable_vertex_contraction_parallel_sum|inseparable_vertex_contraction_parallel_sum|series_bivalent,6,6,0,True
octahedral__b6__leaf_offset1,octahedral,31,6,6,18,6,12,0.0299999999956799,5,inseparable_vertex_contraction_parallel_sum|inseparable_vertex_contraction_parallel_sum|inseparable_vertex_contraction_parallel_sum|inseparable_vertex_contraction_parallel_sum|series_bivalent,6,6,0,True
octahedral__b6__leaf_offset1,octahedral,47,6,6,18,6,12,0.10999999998885869,5,inseparable_vertex_contraction_parallel_sum|inseparable_vertex_contraction_parallel_sum|inseparable_vertex_contraction_parallel_sum|inseparable_vertex_contraction_parallel_sum|series_bivalent,6,6,0,True
octahedral__b6__dual_gateway,octahedral,17,6,6,18,6,12,0.009999999994315658,5,inseparable_vertex_contraction_parallel_sum|inseparable_vertex_contraction_parallel_sum|inseparable_vertex_contraction_parallel_sum|inseparable_vertex_contraction_parallel_sum|series_bivalent,6,6,0,True
octahedral__b6__dual_gateway,octahedral,31,6,6,18,6,12,0.05999999998885869,5,inseparable_vertex_contraction_parallel_sum|inseparable_vertex_contraction_parallel_sum|inseparable_vertex_contraction_parallel_sum|inseparable_vertex_contraction_parallel_sum|series_bivalent,6,6,0,True
octahedral__b6__dual_gateway,octahedral,47,6,6,18,6,12,0.10999999999840838,5,inseparable_vertex_contraction_parallel_sum|inseparable_vertex_contraction_parallel_sum|inseparable_vertex_contraction_parallel_sum|inseparable_vertex_contraction_parallel_sum|series_bivalent,6,6,0,True
octahedral__b7__leaf_offset0,octahedral,17,7,6,19,7,12,0.3500000000064801,5,inseparable_vertex_contraction_parallel_sum|inseparable_vertex_contraction_parallel_sum|inseparable_vertex_contraction_parallel_sum|inseparable_vertex_contraction_parallel_sum|series_bivalent,7,7,0,True
octahedral__b7__leaf_offset0,octahedral,31,7,6,19,7,12,0.53999999999784,5,inseparable_vertex_contraction_parallel_sum|inseparable_vertex_contraction_parallel_sum|inseparable_vertex_contraction_parallel_sum|inseparable_vertex_contraction_parallel_sum|series_bivalent,7,7,0,True
octahedral__b7__leaf_offset0,octahedral,47,7,6,19,7,12,0.6400000000060254,5,inseparable_vertex_contraction_parallel_sum|inseparable_vertex_contraction_parallel_sum|inseparable_vertex_contraction_parallel_sum|inseparable_vertex_contraction_parallel_sum|series_bivalent,7,7,0,True
octahedral__b7__leaf_offset1,octahedral,17,7,6,19,7,12,0.37000000000807176,5,inseparable_vertex_contraction_parallel_sum|inseparable_vertex_contraction_parallel_sum|inseparable_vertex_contraction_parallel_sum|inseparable_vertex_contraction_parallel_sum|series_bivalent,7,7,0,True
octahedral__b7__leaf_offset1,octahedral,31,7,6,19,7,12,0.579999999998522,5,inseparable_vertex_contraction_parallel_sum|inseparable_vertex_contraction_parallel_sum|inseparable_vertex_contraction_parallel_sum|inseparable_vertex_contraction_parallel_sum|series_bivalent,7,7,0,True
octahedral__b7__leaf_offset1,octahedral,47,7,6,19,7,12,0.38000000000306955,5,inseparable_vertex_contraction_parallel_sum|inseparable_vertex_contraction_parallel_sum|inseparable_vertex_contraction_parallel_sum|inseparable_vertex_contraction_parallel_sum|series_bivalent,7,7,0,True
octahedral__b7__dual_gateway,octahedral,17,7,6,19,7,12,0.6500000000114824,5,inseparable_vertex_contraction_parallel_sum|inseparable_vertex_contraction_parallel_sum|inseparable_vertex_contraction_parallel_sum|inseparable_vertex_contraction_parallel_sum|series_bivalent,7,7,0,True
octahedral__b7__dual_gateway,octahedral,31,7,6,19,7,12,0.7899999999987495,5,inseparable_vertex_contraction_parallel_sum|inseparable_vertex_contraction_parallel_sum|inseparable_vertex_contraction_parallel_sum|inseparable_vertex_contraction_parallel_sum|series_bivalent,7,7,0,True
octahedral__b7__dual_gateway,octahedral,47,7,6,19,7,12,0.5599999999944294,5,inseparable_vertex_contraction_parallel_sum|inseparable_vertex_contraction_parallel_sum|inseparable_vertex_contraction_parallel_sum|inseparable_vertex_contraction_parallel_sum|series_bivalent,7,7,0,True
octahedral__b8__leaf_offset0,octahedral,17,8,6,20,8,12,0.029999999992098764,5,inseparable_vertex_contraction_parallel_sum|inseparable_vertex_contraction_parallel_sum|inseparable_vertex_contraction_parallel_sum|inseparable_vertex_contraction_parallel_sum|series_bivalent,8,8,0,True
octahedral__b8__leaf_offset0,octahedral,31,8,6,20,8,12,0.019999999988119726,5,inseparable_vertex_contraction_parallel_sum|inseparable_vertex_contraction_parallel_sum|inseparable_vertex_contraction_parallel_sum|inseparable_vertex_contraction_parallel_sum|series_bivalent,8,8,0,True
octahedral__b8__leaf_offset0,octahedral,47,8,6,20,8,12,0.02000000000596856,5,inseparable_vertex_contraction_parallel_sum|inseparable_vertex_contraction_parallel_sum|inseparable_vertex_contraction_parallel_sum|inseparable_vertex_contraction_parallel_sum|series_bivalent,8,8,0,True
octahedral__b8__leaf_offset1,octahedral,17,8,6,20,8,12,0.009999999995623057,5,inseparable_vertex_contraction_parallel_sum|inseparable_vertex_contraction_parallel_sum|inseparable_vertex_contraction_parallel_sum|inseparable_vertex_contraction_parallel_sum|series_bivalent,8,8,0,True
octahedral__b8__leaf_offset1,octahedral,31,8,6,20,8,12,2.5579538487363607e-12,5,inseparable_vertex_contraction_parallel_sum|inseparable_vertex_contraction_parallel_sum|inseparable_vertex_contraction_parallel_sum|inseparable_vertex_contraction_parallel_sum|series_bivalent,8,8,0,True
octahedral__b8__leaf_offset1,octahedral,47,8,6,20,8,12,1.0061285138363019e-11,5,inseparable_vertex_contraction_parallel_sum|inseparable_vertex_contraction_parallel_sum|inseparable_vertex_contraction_parallel_sum|inseparable_vertex_contraction_parallel_sum|series_bivalent,8,8,0,True
octahedral__b8__dual_gateway,octahedral,17,8,6,20,8,12,0.009999999994031441,5,inseparable_vertex_contraction_parallel_sum|inseparable_vertex_contraction_parallel_sum|inseparable_vertex_contraction_parallel_sum|inseparable_vertex_contraction_parallel_sum|series_bivalent,8,8,0,True
octahedral__b8__dual_gateway,octahedral,31,8,6,20,8,12,0.020000000001534773,5,inseparable_vertex_contraction_parallel_sum|inseparable_vertex_contraction_parallel_sum|inseparable_vertex_contraction_parallel_sum|inseparable_vertex_contraction_parallel_sum|series_bivalent,8,8,0,True
octahedral__b8__dual_gateway,octahedral,47,8,6,20,8,12,1.1198153515579179e-11,5,inseparable_vertex_contraction_parallel_sum|inseparable_vertex_contraction_parallel_sum|inseparable_vertex_contraction_parallel_sum|inseparable_vertex_contraction_parallel_sum|series_bivalent,8,8,0,True
crosslinked_grid_2x3__b6__leaf_offset0,crosslinked_grid_2x3,17,6,6,17,6,11,0.01000000002228262,5,inseparable_vertex_contraction_parallel_sum|inseparable_vertex_contraction_parallel_sum|inseparable_vertex_contraction_parallel_sum|inseparable_vertex_contraction_parallel_sum|series_bivalent,6,6,0,True
crosslinked_grid_2x3__b6__leaf_offset0,crosslinked_grid_2x3,31,6,6,17,6,11,1.864464138634503e-11,5,inseparable_vertex_contraction_parallel_sum|inseparable_vertex_contraction_parallel_sum|inseparable_vertex_contraction_parallel_sum|inseparable_vertex_contraction_parallel_sum|series_bivalent,6,6,0,True
crosslinked_grid_2x3__b6__leaf_offset0,crosslinked_grid_2x3,47,6,6,17,6,11,0.08999999999408828,5,inseparable_vertex_contraction_parallel_sum|inseparable_vertex_contraction_parallel_sum|inseparable_vertex_contraction_parallel_sum|inseparable_vertex_contraction_parallel_sum|series_bivalent,6,6,0,True
crosslinked_grid_2x3__b6__leaf_offset1,crosslinked_grid_2x3,17,6,6,17,6,11,0.0499999999913598,5,inseparable_vertex_contraction_parallel_sum|inseparable_vertex_contraction_parallel_sum|inseparable_vertex_contraction_parallel_sum|inseparable_vertex_contraction_parallel_sum|series_bivalent,6,6,0,True
crosslinked_grid_2x3__b6__leaf_offset1,crosslinked_grid_2x3,31,6,6,17,6,11,3.183231456205249e-12,5,inseparable_vertex_contraction_parallel_sum|inseparable_vertex_contraction_parallel_sum|inseparable_vertex_contraction_parallel_sum|inseparable_vertex_contraction_parallel_sum|series_bivalent,6,6,0,True
crosslinked_grid_2x3__b6__leaf_offset1,crosslinked_grid_2x3,47,6,6,17,6,11,5.002220859751105e-12,5,inseparable_vertex_contraction_parallel_sum|inseparable_vertex_contraction_parallel_sum|inseparable_vertex_contraction_parallel_sum|inseparable_vertex_contraction_parallel_sum|series_bivalent,6,6,0,True
crosslinked_grid_2x3__b6__dual_gateway,crosslinked_grid_2x3,17,6,6,17,6,11,0.0100000000086402,5,inseparable_vertex_contraction_parallel_sum|inseparable_vertex_contraction_parallel_sum|inseparable_vertex_contraction_parallel_sum|inseparable_vertex_contraction_parallel_sum|series_bivalent,6,6,0,True
crosslinked_grid_2x3__b6__dual_gateway,crosslinked_grid_2x3,31,6,6,17,6,11,0.030000000009549693,5,inseparable_vertex_contraction_parallel_sum|inseparable_vertex_contraction_parallel_sum|inseparable_vertex_contraction_parallel_sum|inseparable_vertex_contraction_parallel_sum|series_bivalent,6,6,0,True
crosslinked_grid_2x3__b6__dual_gateway,crosslinked_grid_2x3,47,6,6,17,6,11,0.010000000011368684,5,inseparable_vertex_contraction_parallel_sum|inseparable_vertex_contraction_parallel_sum|inseparable_vertex_contraction_parallel_sum|inseparable_vertex_contraction_parallel_sum|series_bivalent,6,6,0,True
crosslinked_grid_2x3__b7__leaf_offset0,crosslinked_grid_2x3,17,7,6,18,7,11,0.7199999999815827,5,inseparable_vertex_contraction_parallel_sum|inseparable_vertex_contraction_parallel_sum|inseparable_vertex_contraction_parallel_sum|inseparable_vertex_contraction_parallel_sum|series_bivalent,7,7,0,True
crosslinked_grid_2x3__b7__leaf_offset0,crosslinked_grid_2x3,31,7,6,18,7,11,0.61000000002251,5,inseparable_vertex_contraction_parallel_sum|inseparable_vertex_contraction_parallel_sum|inseparable_vertex_contraction_parallel_sum|inseparable_vertex_contraction_parallel_sum|series_bivalent,7,7,0,True
crosslinked_grid_2x3__b7__leaf_offset0,crosslinked_grid_2x3,47,7,6,18,7,11,0.5400000000088676,5,inseparable_vertex_contraction_parallel_sum|inseparable_vertex_contraction_parallel_sum|inseparable_vertex_contraction_parallel_sum|inseparable_vertex_contraction_parallel_sum|series_bivalent,7,7,0,True
crosslinked_grid_2x3__b7__leaf_offset1,crosslinked_grid_2x3,17,7,6,18,7,11,0.529999999984766,5,inseparable_vertex_contraction_parallel_sum|inseparable_vertex_contraction_parallel_sum|inseparable_vertex_contraction_parallel_sum|inseparable_vertex_contraction_parallel_sum|series_bivalent,7,7,0,True
crosslinked_grid_2x3__b7__leaf_offset1,crosslinked_grid_2x3,31,7,6,18,7,11,0.5199999999920419,5,inseparable_vertex_contraction_parallel_sum|inseparable_vertex_contraction_parallel_sum|inseparable_vertex_contraction_parallel_sum|inseparable_vertex_contraction_parallel_sum|series_bivalent,7,7,0,True
crosslinked_grid_2x3__b7__leaf_offset1,crosslinked_grid_2x3,47,7,6,18,7,11,0.6800000000034107,5,inseparable_vertex_contraction_parallel_sum|inseparable_vertex_contraction_parallel_sum|inseparable_vertex_contraction_parallel_sum|inseparable_vertex_contraction_parallel_sum|series_bivalent,7,7,0,True
crosslinked_grid_2x3__b7__dual_gateway,crosslinked_grid_2x3,17,7,6,18,7,11,0.48000000000613907,5,inseparable_vertex_contraction_parallel_sum|inseparable_vertex_contraction_parallel_sum|inseparable_vertex_contraction_parallel_sum|inseparable_vertex_contraction_parallel_sum|series_bivalent,7,7,0,True
crosslinked_grid_2x3__b7__dual_gateway,crosslinked_grid_2x3,31,7,6,18,7,11,0.5099999999815827,5,inseparable_vertex_contraction_parallel_sum|inseparable_vertex_contraction_parallel_sum|inseparable_vertex_contraction_parallel_sum|inseparable_vertex_contraction_parallel_sum|series_bivalent,7,7,0,True
crosslinked_grid_2x3__b7__dual_gateway,crosslinked_grid_2x3,47,7,6,18,7,11,0.6200000000175078,5,inseparable_vertex_contraction_parallel_sum|inseparable_vertex_contraction_parallel_sum|inseparable_vertex_contraction_parallel_sum|inseparable_vertex_contraction_parallel_sum|series_bivalent,7,7,0,True
crosslinked_grid_2x3__b8__leaf_offset0,crosslinked_grid_2x3,17,8,6,19,8,11,1.1937117960769683e-11,5,inseparable_vertex_contraction_parallel_sum|inseparable_vertex_contraction_parallel_sum|inseparable_vertex_contraction_parallel_sum|inseparable_vertex_contraction_parallel_sum|series_bivalent,8,8,0,True
crosslinked_grid_2x3__b8__leaf_offset0,crosslinked_grid_2x3,31,8,6,19,8,11,0.01999999998419753,5,inseparable_vertex_contraction_parallel_sum|inseparable_vertex_contraction_parallel_sum|inseparable_vertex_contraction_parallel_sum|inseparable_vertex_contraction_parallel_sum|series_bivalent,8,8,0,True
crosslinked_grid_2x3__b8__leaf_offset0,crosslinked_grid_2x3,47,8,6,19,8,11,0.009999999987153388,5,inseparable_vertex_contraction_parallel_sum|inseparable_vertex_contraction_parallel_sum|inseparable_vertex_contraction_parallel_sum|inseparable_vertex_contraction_parallel_sum|series_bivalent,8,8,0,True
crosslinked_grid_2x3__b8__leaf_offset1,crosslinked_grid_2x3,17,8,6,19,8,11,6.480149750132114e-12,5,inseparable_vertex_contraction_parallel_sum|inseparable_vertex_contraction_parallel_sum|inseparable_vertex_contraction_parallel_sum|inseparable_vertex_contraction_parallel_sum|series_bivalent,8,8,0,True
crosslinked_grid_2x3__b8__leaf_offset1,crosslinked_grid_2x3,31,8,6,19,8,11,4.433786671143025e-12,5,inseparable_vertex_contraction_parallel_sum|inseparable_vertex_contraction_parallel_sum|inseparable_vertex_contraction_parallel_sum|inseparable_vertex_contraction_parallel_sum|series_bivalent,8,8,0,True
crosslinked_grid_2x3__b8__leaf_offset1,crosslinked_grid_2x3,47,8,6,19,8,11,0.009999999997385203,5,inseparable_vertex_contraction_parallel_sum|inseparable_vertex_contraction_parallel_sum|inseparable_vertex_contraction_parallel_sum|inseparable_vertex_contraction_parallel_sum|series_bivalent,8,8,0,True
crosslinked_grid_2x3__b8__dual_gateway,crosslinked_grid_2x3,17,8,6,19,8,11,0.010000000005115908,5,inseparable_vertex_contraction_parallel_sum|inseparable_vertex_contraction_parallel_sum|inseparable_vertex_contraction_parallel_sum|inseparable_vertex_contraction_parallel_sum|series_bivalent,8,8,0,True
crosslinked_grid_2x3__b8__dual_gateway,crosslinked_grid_2x3,31,8,6,19,8,11,0.009999999983288035,5,inseparable_vertex_contraction_parallel_sum|inseparable_vertex_contraction_parallel_sum|inseparable_vertex_contraction_parallel_sum|inseparable_vertex_contraction_parallel_sum|series_bivalent,8,8,0,True
crosslinked_grid_2x3__b8__dual_gateway,crosslinked_grid_2x3,47,8,6,19,8,11,0.009999999991928235,5,inseparable_vertex_contraction_parallel_sum|inseparable_vertex_contraction_parallel_sum|inseparable_vertex_contraction_parallel_sum|inseparable_vertex_contraction_parallel_sum|series_bivalent,8,8,0,True
K33_expander__b6__leaf_offset0,K33_expander,17,6,6,15,6,9,0.03999999993269739,5,inseparable_vertex_contraction_parallel_sum|inseparable_vertex_contraction_parallel_sum|series_bivalent|series_bivalent|series_bivalent,6,6,0,True
K33_expander__b6__leaf_offset0,K33_expander,31,6,6,15,6,9,0.05999999993633537,5,inseparable_vertex_contraction_parallel_sum|inseparable_vertex_contraction_parallel_sum|series_bivalent|series_bivalent|series_bivalent,6,6,0,True
K33_expander__b6__leaf_offset0,K33_expander,47,6,6,15,6,9,0.05000000007457857,5,inseparable_vertex_contraction_parallel_sum|inseparable_vertex_contraction_parallel_sum|series_bivalent|series_bivalent|series_bivalent,6,6,0,True
K33_expander__b6__leaf_offset1,K33_expander,17,6,6,15,6,9,0.12999999997999112,5,inseparable_vertex_contraction_parallel_sum|inseparable_vertex_contraction_parallel_sum|series_bivalent|series_bivalent|series_bivalent,6,6,0,True
K33_expander__b6__leaf_offset1,K33_expander,31,6,6,15,6,9,7.457856554538012e-11,5,inseparable_vertex_contraction_parallel_sum|inseparable_vertex_contraction_parallel_sum|series_bivalent|series_bivalent|series_bivalent,6,6,0,True
K33_expander__b6__leaf_offset1,K33_expander,47,6,6,15,6,9,0.11999999998726707,5,inseparable_vertex_contraction_parallel_sum|inseparable_vertex_contraction_parallel_sum|series_bivalent|series_bivalent|series_bivalent,6,6,0,True
K33_expander__b6__dual_gateway,K33_expander,17,6,6,15,6,9,0.010000000020008884,5,inseparable_vertex_contraction_parallel_sum|inseparable_vertex_contraction_parallel_sum|series_bivalent|series_bivalent|series_bivalent,6,6,0,True
K33_expander__b6__dual_gateway,K33_expander,31,6,6,15,6,9,0.009999999925421435,5,inseparable_vertex_contraction_parallel_sum|inseparable_vertex_contraction_parallel_sum|series_bivalent|series_bivalent|series_bivalent,6,6,0,True
K33_expander__b6__dual_gateway,K33_expander,47,6,6,15,6,9,0.04999999991086952,5,inseparable_vertex_contraction_parallel_sum|inseparable_vertex_contraction_parallel_sum|series_bivalent|series_bivalent|series_bivalent,6,6,0,True
K33_expander__b7__leaf_offset0,K33_expander,17,7,6,16,7,9,0.6300000000682121,5,inseparable_vertex_contraction_parallel_sum|inseparable_vertex_contraction_parallel_sum|series_bivalent|series_bivalent|series_bivalent,7,7,0,True
K33_expander__b7__leaf_offset0,K33_expander,31,7,6,16,7,9,0.41000000007003107,5,inseparable_vertex_contraction_parallel_sum|inseparable_vertex_contraction_parallel_sum|series_bivalent|series_bivalent|series_bivalent,7,7,0,True
K33_expander__b7__leaf_offset0,K33_expander,47,7,6,16,7,9,0.6800000000518412,5,inseparable_vertex_contraction_parallel_sum|inseparable_vertex_contraction_parallel_sum|series_bivalent|series_bivalent|series_bivalent,7,7,0,True
K33_expander__b7__leaf_offset1,K33_expander,17,7,6,16,7,9,0.5099999999881766,5,inseparable_vertex_contraction_parallel_sum|inseparable_vertex_contraction_parallel_sum|series_bivalent|series_bivalent|series_bivalent,7,7,0,True
K33_expander__b7__leaf_offset1,K33_expander,31,7,6,16,7,9,0.8199999999936335,5,inseparable_vertex_contraction_parallel_sum|inseparable_vertex_contraction_parallel_sum|series_bivalent|series_bivalent|series_bivalent,7,7,0,True
K33_expander__b7__leaf_offset1,K33_expander,47,7,6,16,7,9,0.2799999999827196,5,inseparable_vertex_contraction_parallel_sum|inseparable_vertex_contraction_parallel_sum|series_bivalent|series_bivalent|series_bivalent,7,7,0,True
K33_expander__b7__dual_gateway,K33_expander,17,7,6,16,7,9,0.47999999996816767,5,inseparable_vertex_contraction_parallel_sum|inseparable_vertex_contraction_parallel_sum|series_bivalent|series_bivalent|series_bivalent,7,7,0,True
K33_expander__b7__dual_gateway,K33_expander,31,7,6,16,7,9,0.35999999993724485,5,inseparable_vertex_contraction_parallel_sum|inseparable_vertex_contraction_parallel_sum|series_bivalent|series_bivalent|series_bivalent,7,7,0,True
K33_expander__b7__dual_gateway,K33_expander,47,7,6,16,7,9,0.5400000000682121,5,inseparable_vertex_contraction_parallel_sum|inseparable_vertex_contraction_parallel_sum|series_bivalent|series_bivalent|series_bivalent,7,7,0,True
K33_expander__b8__leaf_offset0,K33_expander,17,8,6,17,8,9,0.020000000063209882,5,inseparable_vertex_contraction_parallel_sum|inseparable_vertex_contraction_parallel_sum|series_bivalent|series_bivalent|series_bivalent,8,8,0,True
K33_expander__b8__leaf_offset0,K33_expander,31,8,6,17,8,9,0.009999999989540811,5,inseparable_vertex_contraction_parallel_sum|inseparable_vertex_contraction_parallel_sum|series_bivalent|series_bivalent|series_bivalent,8,8,0,True
K33_expander__b8__leaf_offset0,K33_expander,47,8,6,17,8,9,0.029999999964984453,5,inseparable_vertex_contraction_parallel_sum|inseparable_vertex_contraction_parallel_sum|series_bivalent|series_bivalent|series_bivalent,8,8,0,True
K33_expander__b8__leaf_offset1,K33_expander,17,8,6,17,8,9,3.228706191293895e-11,5,inseparable_vertex_contraction_parallel_sum|inseparable_vertex_contraction_parallel_sum|series_bivalent|series_bivalent|series_bivalent,8,8,0,True
K33_expander__b8__leaf_offset1,K33_expander,31,8,6,17,8,9,0.010000000063209882,5,inseparable_vertex_contraction_parallel_sum|inseparable_vertex_contraction_parallel_sum|series_bivalent|series_bivalent|series_bivalent,8,8,0,True
K33_expander__b8__leaf_offset1,K33_expander,47,8,6,17,8,9,0.009999999954070518,5,inseparable_vertex_contraction_parallel_sum|inseparable_vertex_contraction_parallel_sum|series_bivalent|series_bivalent|series_bivalent,8,8,0,True
K33_expander__b8__dual_gateway,K33_expander,17,8,6,17,8,9,0.0999999999758984,5,inseparable_vertex_contraction_parallel_sum|inseparable_vertex_contraction_parallel_sum|series_bivalent|series_bivalent|series_bivalent,8,8,0,True
K33_expander__b8__dual_gateway,K33_expander,31,8,6,17,8,9,0.04000000006139089,5,inseparable_vertex_contraction_parallel_sum|inseparable_vertex_contraction_parallel_sum|series_bivalent|series_bivalent|series_bivalent,8,8,0,True
K33_expander__b8__dual_gateway,K33_expander,47,8,6,17,8,9,0.040000000013187674,5,inseparable_vertex_contraction_parallel_sum|inseparable_vertex_contraction_parallel_sum|series_bivalent|series_bivalent|series_bivalent,8,8,0,True
